     0.405000      9.61030
     0.406000      9.71030
     0.407000      9.91030
     0.408000      9.91030
     0.409000      9.81030
     0.410000      9.91030
     0.411000      9.81030
     0.412000      9.81030
     0.413000      9.91030
     0.414000      9.71030
     0.415000      9.81030
     0.416000      9.91030
     0.417000      10.2103
     0.418000      10.2103
     0.419000      10.1103
     0.420000      10.1103
     0.421000      10.1103
     0.422000      9.91030
     0.423000      9.91030
     0.424000      10.1103
     0.425000      10.1103
     0.426000      10.2103
     0.427000      10.1103
     0.428000      10.2103
     0.429000      10.4103
     0.430000      10.2103
     0.431000      10.2103
     0.432000      10.1103
     0.433000      10.1103
     0.434000      10.2103
     0.435000      10.6103
     0.436000      10.6103
     0.437000      10.8103
     0.438000      10.7103
     0.439000      10.9103
     0.440000      10.9103
     0.441000      10.9103
     0.442000      10.8103
     0.443000      11.3103
     0.444000      11.3103
     0.445000      11.2103
     0.446000      11.4103
     0.447000      11.5103
     0.448000      11.5103
     0.449000      11.8103
     0.450000      11.7103
     0.451000      11.8103
     0.452000      11.8103
     0.453000      12.0103
     0.454000      12.0103
     0.455000      11.8103
     0.456000      11.8103
     0.457000      11.7103
     0.458000      11.7103
     0.459000      11.8103
     0.460000      11.9103
     0.461000      11.8103
     0.462000      12.0103
     0.463000      12.0103
     0.464000      12.1103
     0.465000      12.3103
     0.466000      12.4103
     0.467000      12.0103
     0.468000      12.0103
     0.469000      12.0103
     0.470000      12.3103
     0.471000      12.1103
     0.472000      11.9103
     0.473000      12.0103
     0.474000      12.0103
     0.475000      12.0103
     0.476000      12.0103
     0.477000      11.8103
     0.478000      12.0103
     0.479000      11.9103
     0.480000      12.0103
     0.481000      12.0103
     0.482000      11.9103
     0.483000      12.0103
     0.484000      11.9103
     0.485000      12.0103
     0.486000      12.1103
     0.487000      12.0103
     0.488000      12.0103
     0.489000      12.3103
     0.490000      12.3103
     0.491000      12.4103
     0.492000      12.8103
     0.493000      12.9103
     0.494000      12.8103
     0.495000      12.5103
     0.496000      12.6103
     0.497000      12.8103
     0.498000      12.9103
     0.499000      12.9103
     0.500000      13.5103
     0.501000      13.9103
     0.502000      13.5103
     0.503000      13.9103
     0.504000      14.1103
     0.505000      14.0103
     0.506000      14.2103
     0.507000      14.6103
     0.508000      14.5103
     0.509000      14.5103
     0.510000      15.0103
     0.511000      15.1103
     0.512000      15.4103
     0.513000      15.6103
     0.514000      15.7103
     0.515000      15.9103
     0.516000      16.0103
     0.517000      16.4103
     0.518000      16.7103
     0.519000      16.9103
     0.520000      17.1103
     0.521000      17.6103
     0.522000      17.9103
     0.523000      18.0103
     0.524000      18.4103
     0.525000      18.6103
     0.526000      18.7103
     0.527000      19.3103
     0.528000      19.5103
     0.529000      19.8103
     0.530000      20.3103
     0.531000      20.7103
     0.532000      21.3103
     0.533000      21.5103
     0.534000      21.9103
     0.535000      22.2103
     0.536000      23.0103
     0.537000      23.4103
     0.538000      23.6103
     0.539000      24.4103
     0.540000      25.1103
     0.541000      25.5103
     0.542000      25.5103
     0.543000      26.1103
     0.544000      26.7103
     0.545000      27.3103
     0.546000      27.8103
     0.547000      28.0103
     0.548000      28.6103
     0.549000      29.1103
     0.550000      29.7103
     0.551000      30.3103
     0.552000      30.3103
     0.553000      31.2103
     0.554000      31.7103
     0.555000      32.3103
     0.556000      32.5103
     0.557000      33.3103
     0.558000      33.9103
     0.559000      34.4103
     0.560000      34.9103
     0.561000      35.3103
     0.562000      35.7103
     0.563000      36.0103
     0.564000      35.6103
     0.565000      36.1103
     0.566000      36.6103
     0.567000      37.1103
     0.568000      37.5103
     0.569000      38.0103
     0.570000      38.4103
     0.571000      38.8103
     0.572000      39.1103
     0.573000      39.5103
     0.574000      39.6103
     0.575000      39.9103
     0.576000      40.1103
     0.577000      40.1103
     0.578000      40.3103
     0.579000      40.7103
     0.580000      40.6103
     0.581000      40.7103
     0.582000      41.2103
     0.583000      41.1103
     0.584000      41.3103
     0.585000      41.7103
     0.586000      41.9103
     0.587000      41.7103
     0.588000      42.1103
     0.589000      41.8103
     0.590000      42.1103
     0.591000      41.8103
     0.592000      42.4103
     0.593000      42.3103
     0.594000      42.2103
     0.595000      42.1103
     0.596000      42.2103
     0.597000      42.3103
     0.598000      42.2103
     0.599000      42.4103
     0.600000      42.5103
     0.601000      42.5103
     0.602000      42.5103
     0.603000      42.9103
     0.604000      42.5103
     0.605000      42.3103
     0.606000      42.4103
     0.607000      42.3103
     0.608000      42.3103
     0.609000      42.3103
     0.610000      42.2103
     0.611000      42.3103
     0.612000      42.5103
     0.613000      42.7103
     0.614000      42.7103
     0.615000      42.7103
     0.616000      42.7103
     0.617000      42.7103
     0.618000      42.5103
     0.619000      42.9103
     0.620000      42.4103
     0.621000      42.5103
     0.622000      42.4103
     0.623000      42.2103
     0.624000      42.2103
     0.625000      42.3103
     0.626000      42.1103
     0.627000      41.8103
     0.628000      41.9103
     0.629000      41.8103
     0.630000      41.7103
     0.631000      41.7103
     0.632000      41.6103
     0.633000      41.9103
     0.634000      41.8103
     0.635000      41.8103
     0.636000      41.9103
     0.637000      42.2103
     0.638000      41.7103
     0.639000      41.8103
     0.640000      41.4103
     0.641000      41.8103
     0.642000      41.7103
     0.643000      41.8103
     0.644000      41.8103
     0.645000      41.9103
     0.646000      41.7103
     0.647000      41.7103
     0.648000      41.7103
     0.649000      41.8103
     0.650000      41.8103
     0.651000      41.7103
     0.652000      42.1103
     0.653000      42.1103
     0.654000      41.8103
     0.655000      42.2103
     0.656000      41.8103
     0.657000      42.2103
     0.658000      41.9103
     0.659000      42.1103
     0.660000      41.9103
     0.661000      42.1103
     0.662000      42.1103
     0.663000      42.2103
     0.664000      42.2103
     0.665000      42.2103
     0.666000      42.3103
     0.667000      42.3103
     0.668000      42.4103
     0.669000      42.3103
     0.670000      42.3103
     0.671000      42.3103
     0.672000      42.8103
     0.673000      42.7103
     0.674000      42.7103
     0.675000      42.5103
     0.676000      42.7103
     0.677000      43.2103
     0.678000      43.3103
     0.679000      43.2103
     0.680000      43.2103
     0.681000      43.0103
     0.682000      43.3103
     0.683000      43.3103
     0.684000      43.2103
     0.685000      43.4103
     0.686000      43.4103
     0.687000      43.5103
     0.688000      43.5103
     0.689000      43.4103
     0.690000      43.5103
     0.691000      43.6103
     0.692000      44.0103
     0.693000      44.6103
     0.694000      45.1103
     0.695000      45.1103
     0.696000      44.6103
     0.697000      44.7103
     0.698000      44.6103
     0.699000      45.2103
     0.700000      45.4103
     0.701000      45.4103
     0.702000      45.0103
     0.703000      45.0103
     0.704000      45.7103
     0.705000      45.7103
     0.706000      45.8103
     0.707000      46.1103
     0.708000      45.8103
     0.709000      46.0103
     0.710000      46.5103
     0.711000      46.7103
     0.712000      47.1103
     0.713000      47.8103
     0.714000      47.4103
     0.715000      47.1103
     0.716000      47.2103
     0.717000      47.7103
     0.718000      47.8103
     0.719000      47.9103
     0.720000      47.8103
     0.721000      48.2103
     0.722000      48.2103
     0.723000      48.4103
     0.724000      48.4103
     0.725000      48.8103
     0.726000      48.5103
     0.727000      48.9103
     0.728000      49.0103
     0.729000      49.1103
     0.730000      49.4103
     0.731000      49.3103
     0.732000      48.9103
     0.733000      49.4103
     0.734000      49.6103
     0.735000      50.0103
     0.736000      50.0103
     0.737000      50.2103
     0.738000      50.2103
     0.739000      50.4103
     0.740000      49.9103
     0.741000      50.6103
     0.742000      50.6103
     0.743000      50.8103
     0.744000      50.8103
     0.745000      50.7103
     0.746000      50.8103
     0.747000      50.6103
     0.748000      50.5103
     0.749000      50.4103
     0.750000      50.4103
     0.751000      50.7103
     0.752000      50.8103
     0.753000      51.2103
     0.754000      51.0103
     0.755000      50.8103
     0.756000      51.0103
     0.757000      51.3103
     0.758000      51.5103
     0.759000      51.3103
     0.760000      51.2103
     0.761000      50.8103
     0.762000      50.7103
     0.763000      51.2103
     0.764000      51.2103
     0.765000      51.1103
     0.766000      51.2103
     0.767000      50.8103
     0.768000      50.7103
     0.769000      50.8103
     0.770000      50.6103
     0.771000      50.6103
     0.772000      50.8103
     0.773000      50.7103
     0.774000      50.5103
     0.775000      50.7103
     0.776000      50.8103
     0.777000      50.7103
     0.778000      50.4103
     0.779000      50.5103
     0.780000      50.2103
     0.781000      49.9103
     0.782000      49.9103
     0.783000      49.7103
     0.784000      49.6103
     0.785000      50.0103
     0.786000      49.7103
     0.787000      49.5103
     0.788000      49.5103
     0.789000      49.4103
     0.790000      49.5103
     0.791000      49.6103
     0.792000      49.0103
     0.793000      48.8103
     0.794000      49.0103
     0.795000      48.7103
     0.796000      48.9103
     0.797000      48.4103
     0.798000      48.0103
     0.799000      48.0103
     0.800000      48.2103
     0.801000      48.0103
     0.802000      47.9103
     0.803000      48.0103
     0.804000      48.0103
     0.805000      46.5103
     0.809000      46.6103
     0.813000      45.8103
     0.817000      45.8103
     0.821000      45.5103
     0.825000      45.1103
     0.829000      44.7103
     0.833000      44.5103
     0.837000      44.4103
     0.841000      43.9103
     0.845000      43.5103
     0.849000      43.4103
     0.853000      43.3103
     0.857000      42.7103
     0.861000      42.3103
     0.865000      42.3103
     0.869000      42.1103
     0.873000      41.8103
     0.877000      41.6103
     0.881000      41.3103
     0.885000      41.2103
     0.889000      40.8103
     0.893000      40.7103
     0.897000      40.7103
     0.901000      40.8103
     0.905000      40.5103
     0.909000      41.0103
     0.913000      40.8103
     0.917000      40.8103
     0.921000      40.8103
     0.925000      40.8103
     0.929000      41.0103
     0.933000      41.1103
     0.937000      41.2103
     0.941000      41.6103
     0.945000      41.4103
     0.949000      41.8103
     0.953000      42.1103
     0.957000      42.2103
     0.961000      42.5103
     0.965000      42.5103
     0.969000      42.4103
     0.973000      42.7103
     0.977000      43.3103
     0.981000      43.5103
     0.985000      43.9103
     0.989000      44.3103
     0.993000      44.6103
     0.997000      44.3103
      1.00100      44.6103
      1.00500      45.2103
      1.00900      45.5103
      1.01300      45.6103
      1.01700      46.1103
      1.02100      46.0103
      1.02500      46.3103
      1.02900      46.7103
      1.03300      47.1103
      1.03700      47.2103
      1.04100      47.8103
      1.04500      48.2103
      1.04900      48.8103
      1.05300      48.5103
      1.05700      49.0103
      1.06100      49.9103
      1.06500      50.5103
      1.06900      51.2103
      1.07300      51.2103
      1.07700      51.5103
      1.08100      51.5103
      1.08500      51.5103
      1.08900      52.8103
      1.09300      53.7103
      1.09700      54.1103
      1.10100      55.0103
      1.10500      55.0103
      1.10900      55.0103
      1.11300      55.6103
      1.11700      56.6103
      1.12100      57.4103
      1.12500      57.4103
      1.12900      58.5103
      1.13300      59.3103
      1.13700      60.1103
      1.14100      60.5103
      1.14500      61.5103
      1.14900      61.7103
      1.15300      62.1103
      1.15700      63.2103
      1.16100      63.9103
      1.16500      64.6103
      1.16900      65.1103
      1.17300      65.7103
      1.17700      66.2103
      1.18100      66.6103
      1.18500      67.2103
      1.18900      67.6103
      1.19300      68.1103
      1.19700      68.6103
      1.20100      68.8103
      1.20500      68.9103
      1.20900      68.7103
      1.21300      69.4103
      1.21700      70.1103
      1.22100      70.9103
      1.22500      71.0103
      1.22900      71.5103
      1.23300      72.1103
      1.23700      72.7103
      1.24100      73.1103
      1.24500      73.3103
      1.24900      73.6103
      1.25300      73.4103
      1.25700      73.7103
      1.26100      73.7103
      1.26500      73.8103
      1.26900      74.0103
      1.27300      74.4103
      1.27700      74.9103
      1.28100      75.5103
      1.28500      75.9103
      1.28900      76.1103
      1.29300      76.2103
      1.29700      76.4103
      1.30100      76.6103
      1.30500      76.7103
      1.30900      76.7103
      1.31300      76.7103
      1.31700      76.6103
      1.32100      76.5103
      1.32500      76.5103
      1.32900      76.6103
      1.33300      76.9103
      1.33700      77.6103
      1.34100      77.1103
      1.34500      76.7103
      1.34900      76.2103
      1.35300      76.5103
      1.35700      75.6103
      1.36100      75.5103
      1.36500      76.1103
      1.36900      76.2103
      1.37300      75.4103
      1.37700      73.9103
      1.38100      73.8103
      1.38500      72.5103
      1.38900      70.8103
      1.39300      69.8103
      1.39700      67.2103
      1.40100      65.3103
      1.40500      65.3103
      1.40900      65.6103
      1.41300      66.2103
      1.41700      68.1103
      1.42100      69.2103
      1.42500      69.7103
      1.42900      70.3103
      1.43300      70.6103
      1.43700      70.8103
      1.44100      71.0103
      1.44500      71.1103
      1.44900      71.2103
      1.45300      71.2103
      1.45700      71.1103
      1.46100      71.6103
      1.46500      71.7103
      1.46900      72.0103
      1.47300      71.7103
      1.47700      72.0103
      1.48100      72.1103
      1.48500      72.1103
      1.48900      71.8103
      1.49300      71.8103
      1.49700      72.0103
      1.50100      71.6103
      1.50500      71.8103
      1.50900      72.1103
      1.51300      72.5103
      1.51700      72.5103
      1.52100      72.8103
      1.52500      72.7103
      1.52900      72.8103
      1.53300      72.9103
      1.53700      72.6103
      1.54100      72.3103
      1.54500      71.8103
      1.54900      71.8103
      1.55300      72.2103
      1.55700      72.5103
      1.56100      72.6103
      1.56500      72.1103
      1.56900      71.7103
      1.57300      71.6103
      1.57700      71.5103
      1.58100      71.5103
      1.58500      71.6103
      1.58900      71.2103
      1.59300      71.6103
      1.59700      72.0103
      1.60100      72.1103
      1.60500      71.7103
      1.60900      71.2103
      1.61300      70.6103
      1.61700      70.4103
      1.62100      70.4103
      1.62500      70.4103
      1.62900      70.4103
      1.63300      70.1103
      1.63700      69.8103
      1.64100      69.9103
      1.64500      69.4103
      1.64900      69.5103
      1.65300      69.4103
      1.65700      69.2103
      1.66100      69.8103
      1.66500      69.4103
      1.66900      69.5103
      1.67300      69.4103
      1.67700      69.0103
      1.68100      68.9103
      1.68500      69.0103
      1.68900      68.7103
      1.69300      68.6103
      1.69700      68.8103
      1.70100      68.7103
      1.70500      68.3103
      1.70900      68.1103
      1.71300      67.9103
      1.71700      67.7103
      1.72100      67.6103
      1.72500      68.2103
      1.72900      68.3103
      1.73300      67.9103
      1.73700      67.7103
      1.74100      67.5103
      1.74500      67.0103
      1.74900      66.6103
      1.75300      66.7103
      1.75700      66.7103
      1.76100      67.1103
      1.76500      67.0103
      1.76900      66.6103
      1.77300      66.6103
      1.77700      66.7103
      1.78100      66.6103
      1.78500      66.6103
      1.78900      66.5103
      1.79300      66.4103
      1.79700      66.2103
      1.80100      66.5103
      1.80500      66.4103
      1.80900      66.0103
      1.81300      66.0103
      1.81700      66.5103
      1.82100      66.1103
      1.82500      65.6103
      1.82900      65.6103
      1.83300      65.6103
      1.83700      66.5103
      1.84100      66.5103
      1.84500      66.4103
      1.84900      66.0103
      1.85300      65.1103
      1.85700      64.4103
      1.86100      63.4103
      1.86500      62.8103
      1.86900      63.1103
      1.87300      63.1103
      1.87700      62.3103
      1.88100      61.0103
      1.88500      59.8103
      1.88900      58.8103
      1.89300      57.6103
      1.89700      56.5103
      1.90100      55.9103
      1.90500      56.0103
      1.90900      55.5103
      1.91300      55.2103
      1.91700      55.2103
      1.92100      55.9103
      1.92500      56.1103
      1.92900      56.5103
      1.93300      56.3103
      1.93700      56.2103
      1.94100      56.0103
      1.94500      56.0103
      1.94900      56.2103
      1.95300      56.6103
      1.95700      57.0103
      1.96100      57.3103
      1.96500      57.4103
      1.96900      57.3103
      1.97300      57.3103
      1.97700      57.8103
      1.98100      57.9103
      1.98500      58.1103
      1.98900      58.3103
      1.99300      58.3103
      1.99700      58.7103
      2.00100      60.0103
      2.00500      59.9103
      2.00900      59.8103
      2.01300      59.8103
      2.01700      59.8103
      2.02100      60.4103
      2.02500      60.5103
      2.02900      60.6103
      2.03300      60.7103
      2.03700      60.7103
      2.04100      61.1103
      2.04500      61.7103
      2.04900      61.7103
      2.05300      61.0103
      2.05700      60.7103
      2.06100      60.5103
      2.06500      60.2103
      2.06900      60.5103
      2.07300      61.0103
      2.07700      61.3103
      2.08100      61.5103
      2.08500      61.1103
      2.08900      61.2103
      2.09300      61.3103
      2.09700      61.0103
      2.10100      60.7103
      2.10500      60.6103
      2.10900      60.5103
      2.11300      60.1103
      2.11700      60.0103
      2.12100      59.3103
      2.12500      59.0103
      2.12900      59.4103
      2.13300      59.6103
      2.13700      59.5103
      2.14100      59.3103
      2.14500      58.8103
      2.14900      58.5103
      2.15300      58.2103
      2.15700      57.0103
      2.16100      56.7103
      2.16500      55.9103
      2.16900      55.0103
      2.17300      53.9103
      2.17700      52.8103
      2.18100      51.8103
      2.18500      50.8103
      2.18900      50.6103
      2.19300      50.2103
      2.19700      50.0103
      2.20100      49.9103
      2.20500      50.5103
      2.20900      50.5103
      2.21300      50.8103
      2.21700      51.1103
      2.22100      51.7103
      2.22500      51.9103
      2.22900      52.3103
      2.23300      52.7103
      2.23700      52.8103
      2.24100      53.3103
      2.24500      53.7103
      2.24900      53.3103
      2.25300      53.4103
      2.25700      53.3103
      2.26100      53.3103
      2.26500      53.2103
      2.26900      53.2103
      2.27300      52.8103
      2.27700      52.8103
      2.28100      51.7103
      2.28500      50.4103
      2.28900      49.5103
      2.29300      49.1103
      2.29700      49.7103
      2.30100      50.2103
      2.30500      49.0103
      2.30900      48.9103
      2.31300      48.8103
      2.31700      48.8103
      2.32100      48.4103
      2.32500      48.5103
      2.32900      48.3103
      2.33300      48.0103
      2.33700      48.2103
      2.34100      48.3103
      2.34500      48.5103
      2.34900      48.5103
      2.35300      48.2103
      2.35700      48.4103
      2.36100      48.3103
      2.36500      48.0103
      2.36900      47.8103
      2.37300      47.3103
      2.37700      47.6103
      2.38100      47.3103
      2.38500      46.8103
      2.38900      46.3103
      2.39300      46.3103
      2.39700      46.3103
      2.40100      45.8103
      2.40500      45.2103
      2.40900      44.5103
      2.41300      44.3103
      2.41700      44.0103
      2.42100      43.9103
      2.42500      43.5103
      2.42900      42.9103
      2.43300      42.8103
      2.43700      42.5103
      2.44100      42.3103
      2.44500      41.9103
      2.44900      41.7103
      2.45300      41.4103
      2.45700      41.3103
      2.46100      41.3103
      2.46500      41.4103
      2.46900      41.2103
      2.47300      41.0103
      2.47700      41.1103
      2.48100      41.2103
      2.48500      41.2103
      2.48900      41.2103
      2.49300      41.1103
      2.49700      41.2103
      2.50000      41.2103
      2.50200      40.9631
      2.50300      41.0455
      2.50400      40.9528
      2.50500      41.1176
      2.50600      41.1897
      2.50800      41.1691
      2.50900      40.9528
      2.51000      41.1485
      2.51100      41.3339
      2.51300      41.5399
      2.51400      41.4369
      2.51500      41.3030
      2.51600      41.1279
      2.51700      41.3751
      2.51900      41.6120
      2.52000      41.7871
      2.52100      41.4472
      2.52200      41.2721
      2.52400      40.9116
      2.52500      40.7468
      2.52600      40.7262
      2.52700      41.0249
      2.52800      41.5502
      2.53000      41.7768
      2.53100      41.2927
      2.53200      41.2103
      2.53300      41.4781
      2.53500      41.5605
      2.53600      41.4369
      2.53700      41.2515
      2.53800      40.9940
      2.54000      41.2000
      2.54100      41.6532
      2.54200      41.5296
      2.54300      41.2412
      2.54500      41.2515
      2.54600      41.0455
      2.54700      41.1073
      2.54800      41.0043
      2.55000      40.7674
      2.55100      40.5614
      2.55200      40.6438
      2.55300      40.9734
      2.55500      41.2206
      2.55600      40.9425
      2.55700      40.8601
      2.55800      40.5305
      2.56000      40.5202
      2.56100      40.5820
      2.56200      40.6335
      2.56300      40.7262
      2.56500      40.6541
      2.56600      40.5511
      2.56700      40.4584
      2.56900      40.1185
      2.57000      39.9022
      2.57100      39.7271
      2.57200      39.9949
      2.57400      40.0155
      2.57500      40.0876
      2.57600      40.1082
      2.57700      40.0155
      2.57900      39.9331
      2.58000      39.8095
      2.58100      39.5623
      2.58300      39.7271
      2.58400      39.6653
      2.58500      39.5108
      2.58600      39.3666
      2.58800      39.4181
      2.58900      39.3563
      2.59000      39.3872
      2.59200      39.1915
      2.59300      39.0164
      2.59400      38.9031
      2.59600      39.0370
      2.59700      38.7795
      2.59800      38.8722
      2.59900      38.9752
      2.60100      39.0988
      2.60200      38.9855
      2.60300      38.3984
      2.60500      37.9761
      2.60600      38.2439
      2.60700      38.5014
      2.60900      38.5426
      2.61000      38.5941
      2.61100      38.3881
      2.61300      38.0585
      2.61400      38.0070
      2.61500      37.9864
      2.61700      37.9143
      2.61800      38.1615
      2.61900      38.4190
      2.62000      38.0276
      2.62200      37.7804
      2.62300      37.8834
      2.62400      37.8731
      2.62600      37.4611
      2.62700      37.6774
      2.62800      37.9246
      2.63000      37.5538
      2.63100      37.1933
      2.63200      37.2036
      2.63400      37.1521
      2.63500      37.2448
      2.63600      37.3375
      2.63800      36.9770
      2.63900      36.6268
      2.64000      36.6062
      2.64200      36.8019
      2.64300      36.6165
      2.64500      36.2972
      2.64600      36.3281
      2.64700      36.4620
      2.64900      36.3590
      2.65000      36.0088
      2.65100      35.8337
      2.65300      35.5350
      2.65400      35.1848
      2.65500      34.9376
      2.65700      34.9582
      2.65800      34.8037
      2.65900      34.7110
      2.66100      34.4844
      2.66200      34.1548
      2.66400      33.7531
      2.66500      33.5677
      2.66600      33.0321
      2.66800      32.6201
      2.66900      32.1051
      2.67000      31.6931
      2.67200      30.9824
      2.67300      30.3953
      2.67500      30.2305
      2.67600      30.2511
      2.67700      29.9318
      2.67900      29.7464
      2.68000      29.1902
      2.68100      28.8812
      2.68300      28.7988
      2.68400      28.3765
      2.68600      27.6761
      2.68700      27.2847
      2.68800      26.8315
      2.69000      26.4607
      2.69100      26.1208
      2.69300      25.6882
      2.69400      24.8230
      2.69500      24.0402
      2.69700      23.3192
      2.69800      22.7939
      2.70000      22.1656
      2.70100      21.4034
      2.70200      20.7545
      2.70400      20.3013
      2.70500      19.6215
      2.70700      19.0344
      2.70800      18.2619
      2.70900      17.3452
      2.71100      16.6654
      2.71200      15.9444
      2.71400      15.0483
      2.71500      14.0286
      2.71700      13.0707
      2.71800      12.2879
      2.71900      11.5154
      2.72100      10.8974
      2.72200      10.1043
      2.72400      9.53780
      2.72500      8.99190
      2.72700      8.39450
      2.72800      7.96190
      2.72900      7.57050
      2.73100      7.11730
      2.73200      6.95250
      2.73400      7.02460
      2.73500      6.95250
      2.73700      6.63320
      2.73800      6.36540
      2.74000      6.06670
      2.74100      5.97400
      2.74200      6.02550
      2.74400      6.16970
      2.74500      6.14910
      2.74700      5.96370
      2.74800      5.95340
      2.75000      6.09760
      2.75100      5.91220
      2.75300      5.77830
      2.75400      5.54140
      2.75600      5.62380
      2.75700      5.79890
      2.75800      5.89160
      2.76000      5.77830
      2.76100      5.79890
      2.76300      6.00490
      2.76400      6.34480
      2.76600      6.59200
      2.76700      6.57140
      2.76900      6.83920
      2.77000      7.32330
      2.77200      7.28210
      2.77300      7.39540
      2.77500      7.82800
      2.77600      8.18850
      2.77800      8.42540
      2.77900      8.56960
      2.78100      8.69320
      2.78200      8.96100
      2.78400      9.07430
      2.78500      9.43480
      2.78700      9.76440
      2.78800      9.84680
      2.79000      9.90860
      2.79100      10.1352
      2.79300      10.2176
      2.79400      10.5575
      2.79600      10.6090
      2.79700      10.4442
      2.79900      10.4854
      2.80000      10.5369
      2.80200      10.4133
      2.80300      10.5060
      2.80500      10.6811
      2.80600      10.6811
      2.80800      10.6605
      2.80900      10.7738
      2.81100      10.6399
      2.81200      10.5369
      2.81400      10.5060
      2.81500      10.5575
      2.81700      10.3206
      2.81800      10.2588
      2.82000      10.2691
      2.82100      10.3309
      2.82300      10.2794
      2.82500      9.98070
      2.82600      9.92920
      2.82800      9.91890
      2.82900      9.83650
      2.83100      9.77470
      2.83200      9.68200
      2.83400      9.75410
      2.83500      9.74380
      2.83700      9.45540
      2.83800      9.32150
      2.84000      9.51720
      2.84200      9.49660
      2.84300      9.38330
      2.84500      9.36270
      2.84600      9.33180
      2.84800      9.12580
      2.84900      9.02280
      2.85100      8.85800
      2.85300      8.90950
      2.85400      9.16700
      2.85600      9.19790
      2.85700      8.98160
      2.85900      8.90950
      2.86000      8.84770
      2.86200      8.72410
      2.86400      8.44600
      2.86500      8.48720
      2.86700      8.63140
      2.86800      8.68290
      2.87000      8.67260
      2.87100      8.69320
      2.87300      8.49750
      2.87500      8.45630
      2.87600      8.41510
      2.87800      8.50780
      2.87900      8.49750
      2.88100      8.46660
      2.88300      8.38420
      2.88400      8.15760
      2.88600      8.20910
      2.88700      8.36360
      2.88900      8.25030
      2.89100      8.26060
      2.89200      8.25030
      2.89400      8.07520
      2.89600      8.04430
      2.89700      8.13700
      2.89900      8.17820
      2.90000      8.25030
      2.90200      8.16790
      2.90400      7.88980
      2.90500      7.82800
      2.90700      7.81770
      2.90900      7.70440
      2.91000      7.70440
      2.91200      7.91040
      2.91300      8.08550
      2.91500      8.09580
      2.91700      7.87950
      2.91800      7.73530
      2.92000      7.77650
      2.92200      7.87950
      2.92300      7.83830
      2.92500      7.76620
      2.92700      7.75590
      2.92800      7.71470
      2.93000      7.69410
      2.93200      7.64260
      2.93300      7.75590
      2.93500      7.70440
      2.93700      7.60140
      2.93800      7.53960
      2.94000      7.56020
      2.94200      7.53960
      2.94300      7.52930
      2.94500      7.59110
      2.94700      7.49840
      2.94800      7.44690
      2.95000      7.42630
      2.95200      7.35420
      2.95300      7.47780
      2.95500      7.53960
      2.95700      7.44690
      2.95800      7.30270
      2.96000      7.34390
      2.96200      7.42630
      2.96300      7.57050
      2.96500      7.61170
      2.96700      7.47780
      2.96800      7.34390
      2.97000      7.33360
      2.97200      7.38510
      2.97400      7.42630
      2.97500      7.23060
      2.97700      7.19970
      2.97900      7.30270
      2.98000      7.32330
      2.98200      7.19970
      2.98400      7.17910
      2.98600      7.15850
      2.98700      7.18940
      2.98900      7.24090
      2.99100      7.16880
      2.99200      7.01430
      2.99400      7.07610
      2.99600      7.17910
      2.99800      7.30270
      2.99900      7.25120
      3.00100      7.21000
      3.00300      7.19970
      3.00500      7.14820
      3.00600      7.07610
      3.00800      7.12760
      3.01000      7.11730
      3.01200      7.09670
      3.01300      7.07610
      3.01500      7.09670
      3.01700      7.10700
      3.01900      7.09670
      3.02000      7.18940
      3.02200      7.19970
      3.02400      7.09670
      3.02600      7.06580
      3.02700      7.03490
      3.02900      7.06580
      3.03100      7.10700
      3.03300      7.11730
      3.03400      7.11730
      3.03600      7.03490
      3.03800      6.85980
      3.04000      6.95250
      3.04200      6.97310
      3.04300      6.96280
      3.04500      6.97310
      3.04700      6.92160
      3.04900      6.96280
      3.05100      7.12760
      3.05200      7.14820
      3.05400      7.01430
      3.05600      6.84950
      3.05800      6.83920
      3.06000      6.89070
      3.06100      6.95250
      3.06300      6.84950
      3.06500      6.87010
      3.06700      6.81860
      3.06900      6.80830
      3.07000      6.80830
      3.07200      6.81860
      3.07400      6.84950
      3.07600      6.84950
      3.07800      6.75680
      3.07900      6.79800
      3.08100      6.70530
      3.08300      6.74650
      3.08500      6.95250
      3.08700      6.97310
      3.08900      6.77740
      3.09100      6.71560
      3.09200      6.82890
      3.09400      6.77740
      3.09600      6.68470
      3.09800      6.77740
      3.10000      6.67440
      3.10200      6.72590
      3.10300      6.83920
      3.10500      6.74650
      3.10700      6.64350
      3.10900      6.56110
      3.11100      6.64350
      3.11300      6.74650
      3.11500      6.71560
      3.11700      6.65380
      3.11800      6.64350
      3.12000      6.67440
      3.12200      6.72590
      3.12400      6.77740
      3.12600      6.67440
      3.12800      6.68470
      3.13000      6.64350
      3.13200      6.75680
      3.13300      6.80830
      3.13500      6.66410
      3.13700      6.58170
      3.13900      6.65380
      3.14100      6.61260
      3.14300      6.61260
      3.14500      6.60230
      3.14700      6.74650
      3.14900      6.79800
      3.15100      6.70530
      3.15200      6.67440
      3.15400      6.57140
      3.15600      6.48900
      3.15800      6.65380
      3.16000      6.76710
      3.16200      6.77740
      3.16400      6.67440
      3.16600      6.64350
      3.16800      6.67440
      3.17000      6.64350
      3.17200      6.53020
      3.17400      6.57140
      3.17600      6.74650
      3.17800      6.88040
      3.18000      6.81860
      3.18200      6.72590
      3.18300      6.67440
      3.18500      6.68470
      3.18700      6.78770
      3.18900      6.80830
      3.19100      6.69500
      3.19300      6.73620
      3.19500      6.64350
      3.19700      6.70530
      3.19900      6.85980
      3.20100      6.96280
      3.20300      6.83920
      3.20500      6.69500
      3.20700      6.69500
      3.20900      6.90100
      3.21100      6.96280
      3.21300      6.91130
      3.21500      6.94220
      3.21700      7.07610
      3.21900      7.03490
      3.22100      6.95250
      3.22300      7.01430
      3.22500      7.13790
      3.22700      7.12760
      3.22900      7.17910
      3.23100      7.14820
      3.23300      7.21000
      3.23500      7.23060
      3.23700      7.32330
      3.23900      7.37480
      3.24100      7.32330
      3.24300      7.30270
      3.24500      7.45720
      3.24700      7.47780
      3.24900      7.48810
      3.25100      7.49840
      3.25300      7.60140
      3.25500      7.66320
      3.25700      7.74560
      3.25900      7.70440
      3.26200      7.78680
      3.26400      7.84860
      3.26600      7.80740
      3.26800      7.84860
      3.27000      8.01340
      3.27200      8.02370
      3.27400      8.01340
      3.27600      8.04430
      3.27800      8.06490
      3.28000      8.10610
      3.28200      8.16790
      3.28400      8.18850
      3.28600      8.27090
      3.28800      8.17820
      3.29100      8.22970
      3.29300      8.32240
      3.29500      8.38420
      3.29700      8.34300
      3.29900      8.31210
      3.30100      8.37390
      3.30300      8.52840
      3.30500      8.56960
      3.30700      8.65200
      3.30900      8.59020
      3.31200      8.60050
      3.31400      8.68290
      3.31600      8.76530
      3.31800      8.76530
      3.32000      8.75500
      3.32200      8.81680
      3.32400      8.95070
      3.32600      9.00220
      3.32900      9.01250
      3.33100      9.06400
      3.33300      9.06400
      3.33500      9.11550
      3.33700      9.25970
      3.33900      9.29060
      3.34100      9.34210
      3.34400      9.31120
      3.34600      9.25970
      3.34800      9.25970
      3.35000      9.32150
      3.35200      9.45540
      3.35400      9.54810
      3.35700      9.55840
      3.35900      9.51720
      3.36100      9.35240
      3.36300      9.45540
      3.36500      9.67170
      3.36700      9.73350
      3.37000      9.73350
      3.37200      9.74380
      3.37400      9.69230
      3.37600      9.79530
      3.37800      9.86740
      3.38100      9.88800
      3.38300      9.88800
      3.38500      9.94980
      3.38700      9.93950
      3.38900      10.0219
      3.39200      10.0528
      3.39400      10.0219
      3.39600      10.0425
      3.39800      10.2073
      3.40100      10.3412
      3.40300      10.4030
      3.40500      10.3412
      3.40700      10.4854
      3.40900      10.5266
      3.41200      10.4648
      3.41400      10.3824
      3.41600      10.4854
      3.41800      10.5678
      3.42100      10.6296
      3.42300      10.6399
      3.42500      10.7223
      3.42800      10.7841
      3.43000      10.7738
      3.43200      10.6605
      3.43400      10.7017
      3.43700      10.9489
      3.43900      11.0416
      3.44100      10.8974
      3.44300      10.9077
      3.44600      10.9901
      3.44800      11.1034
      3.45000      11.1446
      3.45300      11.1652
      3.45500      11.2064
      3.45700      11.2579
      3.46000      11.2785
      3.46200      11.4227
      3.46400      11.4433
      3.46600      11.4124
      3.46900      11.4227
      3.47100      11.4845
      3.47300      11.4742
      3.47600      11.5154
      3.47800      11.5978
      3.48000      11.6905
      3.48300      11.7111
      3.48500      11.7420
      3.48700      11.8038
      3.49000      11.8244
      3.49200      11.8141
      3.49400      11.9274
      3.49700      11.8965
      3.49900      11.9480
      3.50200      11.9892
      3.50400      11.9686
      3.50600      12.0819
      3.50900      12.2055
      3.51100      12.2158
      3.51300      12.1952
      3.51600      12.1952
      3.51800      12.3085
      3.52100      12.3394
      3.52300      12.4630
      3.52500      12.4527
      3.52800      12.4321
      3.53000      12.5042
      3.53300      12.6175
      3.53500      12.6278
      3.53700      12.6072
      3.54000      12.6381
      3.54200      12.6896
      3.54500      12.7617
      3.54700      12.9265
      3.54900      12.9471
      3.55200      12.9471
      3.55400      13.0810
      3.55700      13.2355
      3.55900      13.2561
      3.56200      13.2149
      3.56400      13.1737
      3.56700      13.1943
      3.56900      13.2561
      3.57100      13.3797
      3.57400      13.4209
      3.57600      13.4312
      3.57900      13.5342
      3.58100      13.6887
      3.58400      13.6681
      3.58600      13.6578
      3.58900      13.7402
      3.59100      13.8123
      3.59400      13.8226
      3.59600      13.8844
      3.59900      13.8432
      3.60100      13.8329
      3.60400      13.9256
      3.60600      14.0492
      3.60900      14.1419
      3.61100      14.1625
      3.61400      14.1110
      3.61600      14.1831
      3.61900      14.2758
      3.62100      14.3685
      3.62400      14.4509
      3.62600      14.4097
      3.62900      14.4406
      3.63200      14.5642
      3.63400      14.6054
      3.63700      14.6466
      3.63900      14.6054
      3.64200      14.6981
      3.64400      14.8526
      3.64700      14.8938
      3.64900      14.9350
      3.65200      14.9659
      3.65500      15.0586
      3.65700      15.0998
      3.66000      15.1513
      3.66200      15.1925
      3.66500      15.1616
      3.66700      15.2131
      3.67000      15.3573
      3.67300      15.5015
      3.67500      15.5427
      3.67800      15.5118
      3.68000      15.5118
      3.68300      15.5839
      3.68600      15.6663
      3.68800      15.6869
      3.69100      15.7899
      3.69400      15.9032
      3.69600      15.8723
      3.69900      15.8826
      3.70200      15.9238
      3.70400      16.0268
      3.70700      16.0783
      3.70900      16.0680
      3.71200      16.1504
      3.71500      16.2328
      3.71700      16.2740
      3.72000      16.3049
      3.72300      16.3152
      3.72500      16.3873
      3.72800      16.4388
      3.73100      16.5418
      3.73300      16.6448
      3.73600      16.6757
      3.73900      16.7375
      3.74200      16.7993
      3.74400      16.8405
      3.74700      16.9332
      3.75000      16.8817
      3.75200      16.9332
      3.75500      17.0259
      3.75800      17.1392
      3.76100      17.2113
      3.76300      17.2628
      3.76600      17.2731
      3.76900      17.2628
      3.77100      17.3452
      3.77400      17.3967
      3.77700      17.4276
      3.78000      17.5718
      3.78200      17.5821
      3.78500      17.5615
      3.78800      17.6336
      3.79100      17.7057
      3.79400      17.7057
      3.79600      17.6851
      3.79900      17.7675
      3.80200      17.8396
      3.80500      17.8499
      3.80700      17.8396
      3.81000      17.8705
      3.81300      17.9426
      3.81600      17.9426
      3.81900      17.9735
      3.82200      18.0044
      3.82400      18.0147
      3.82700      18.0147
      3.83000      18.0868
      3.83300      18.1280
      3.83600      18.2310
      3.83800      18.2516
      3.84100      18.2310
      3.84400      18.2825
      3.84700      18.3752
      3.85000      18.4473
      3.85300      18.4473
      3.85600      18.4370
      3.85800      18.4885
      3.86100      18.5503
      3.86400      18.5606
      3.86700      18.5400
      3.87000      18.6224
      3.87300      18.6842
      3.87600      18.6945
      3.87900      18.7151
      3.88200      18.8078
      3.88400      18.8181
      3.88700      18.8387
      3.89000      18.8490
      3.89300      18.8387
      3.89600      18.8696
      3.89900      18.9520
      3.90200      18.9932
      3.90500      19.0138
      3.90800      19.0447
      3.91100      19.0344
      3.91400      19.1065
      3.91700      19.1786
      3.92000      19.1580
      3.92300      19.1580
      3.92600      19.2198
      3.92900      19.2713
      3.93200      19.3331
      3.93500      19.3743
      3.93800      19.3743
      3.94100      19.4155
      3.94400      19.4052
      3.94700      19.3537
      3.95000      19.3846
      3.95300      19.4567
      3.95600      19.5391
      3.95900      19.5906
      3.96200      19.5494
      3.96500      19.5597
      3.96800      19.5700
      3.97100      19.5391
      3.97400      19.5082
      3.97700      19.4773
      3.98000      19.4052
      3.98300      19.4464
      3.98600      19.4876
      3.98900      19.5082
      3.99200      19.4876
      3.99500      19.5494
      3.99800      19.5906
      4.00100      19.5185
      4.00400      19.4464
      4.00800      19.4670
      4.01100      19.5082
      4.01400      19.5700
      4.01700      19.6215
      4.02000      19.6112
      4.02300      19.5906
      4.02600      19.6524
      4.02900      19.6421
      4.03200      19.6215
      4.03600      19.6215
      4.03900      19.6627
      4.04200      19.6421
      4.04500      19.5185
      4.04800      19.3846
      4.05100      19.3640
      4.05500      19.3743
      4.05800      19.4361
      4.06100      19.5494
      4.06400      19.4876
      4.06700      19.3434
      4.07000      19.3743
      4.07400      19.3846
      4.07700      19.4876
      4.08000      19.5494
      4.08300      19.4567
      4.08600      19.3640
      4.09000      19.3846
      4.09300      19.3228
      4.09600      19.3640
      4.09900      19.4155
      4.10300      19.4052
      4.10600      19.3434
      4.10900      19.3228
      4.11200      19.3949
      4.11600      19.4155
      4.11900      19.2919
      4.12200      19.2404
      4.12600      19.3228
      4.12900      19.4052
      4.13200      19.3846
      4.13500      19.3537
      4.13900      19.3537
      4.14200      19.3949
      4.14500      19.3743
      4.14900      19.3537
      4.15200      19.3125
      4.15500      19.2507
      4.15900      19.2507
      4.16200      19.2713
      4.16500      19.2713
      4.16900      19.2816
      4.17200      19.3022
      4.17500      19.3125
      4.17900      19.2404
      4.18200      19.2095
      4.18500      19.2404
      4.18900      19.2816
      4.19200      19.2507
      4.19600      19.2713
      4.19900      19.2404
      4.20200      19.3022
      4.20600      19.4052
      4.20900      19.4464
      4.21300      19.4773
      4.21600      19.4773
      4.21900      19.4979
      4.22300      19.4773
      4.22600      19.4773
      4.23000      19.5803
      4.23300      19.5494
      4.23700      19.4567
      4.24000      19.4464
      4.24400      19.4567
      4.24700      19.3640
      4.25100      19.2301
      4.25400      19.1786
      4.25800      19.2095
      4.26100      19.1889
      4.26500      19.1168
      4.26800      19.0550
      4.27200      19.0035
      4.27500      18.9314
      4.27900      19.1065
      4.28200      19.2095
      4.28600      19.1992
      4.28900      19.1477
      4.29300      19.0550
      4.29600      18.9726
      4.30000      19.0138
      4.30400      19.0447
      4.30700      19.0241
      4.31100      19.0241
      4.31400      19.0035
      4.31800      18.9623
      4.32100      18.9829
      4.32500      19.0241
      4.32900      18.9623
      4.33200      18.8593
      4.33600      18.8490
      4.34000      18.8284
      4.34300      18.7872
      4.34700      18.7769
      4.35000      18.7769
      4.35400      18.7666
      4.35800      18.7254
      4.36100      18.7357
      4.36500      18.6945
      4.36900      18.6739
      4.37200      18.6739
      4.37600      18.5812
      4.38000      18.4576
      4.38400      18.4679
      4.38700      18.4782
      4.39100      18.4164
      4.39500      18.3958
      4.39800      18.3134
      4.40200      18.2825
      4.40600      18.2310
      4.41000      18.2104
      4.41300      18.2310
      4.41700      18.1795
      4.42100      18.1074
      4.42500      18.0044
      4.42800      17.9529
      4.43200      18.0044
      4.43600      18.0044
      4.44000      17.9529
      4.44400      17.9220
      4.44700      17.8293
      4.45100      17.7572
      4.45500      17.7263
      4.45900      17.6645
      4.46300      17.6336
      4.46700      17.5924
      4.47000      17.5718
      4.47400      17.6130
      4.47800      17.6542
      4.48200      17.6336
      4.48600      17.6439
      4.49000      17.6748
      4.49400      17.7469
      4.49800      17.8087
      4.50200      17.8087
      4.50500      17.7675
      4.50900      17.7881
      4.51300      17.8087
      4.51700      17.7984
      4.52100      17.8911
      4.52500      17.9735
      4.52900      17.9838
      4.53300      18.0353
      4.53700      18.0353
      4.54100      18.0147
      4.54500      17.9426
      4.54900      17.9220
      4.55300      17.9426
      4.55700      17.9735
      4.56100      17.9632
      4.56500      17.8911
      4.56900      17.8911
      4.57300      17.8808
      4.57700      17.8396
      4.58100      17.8087
      4.58500      17.7675
      4.58900      17.7778
      4.59300      17.6748
      4.59700      17.6130
      4.60100      17.5924
      4.60500      17.5512
      4.61000      17.4482
      4.61400      17.3658
      4.61800      17.3555
      4.62200      17.3040
      4.62600      17.2525
      4.63000      17.1392
      4.63400      17.0362
      4.63800      16.9950
      4.64300      16.9538
      4.64700      16.8611
      4.65100      16.7684
      4.65500      16.7066
      4.65900      16.6345
      4.66300      16.5315
      4.66800      16.4594
      4.67200      16.3770
      4.67600      16.2637
      4.68000      16.2225
      4.68400      16.2534
      4.68900      16.2328
      4.69300      16.2328
      4.69700      16.3049
      4.70100      16.3358
      4.70600      16.3461
      4.71000      16.2534
      4.71400      16.1298
      4.71900      16.0886
      4.72300      16.0474
      4.72700      15.9959
      4.73100      15.9650
      4.73600      15.9444
      4.74000      15.8929
      4.74400      15.8826
      4.74900      15.8414
      4.75300      15.7487
      4.75800      15.6457
      4.76200      15.5221
      4.76600      15.4809
      4.77100      15.5015
      4.77500      15.4809
      4.77900      15.3779
      4.78400      15.2852
      4.78800      15.2131
      4.79300      15.1307
      4.79700      15.0998
      4.80200      15.0483
      4.80600      14.9247
      4.81000      14.8011
      4.81500      14.6878
      4.81900      14.5745
      4.82400      14.4818
      4.82800      14.3891
      4.83300      14.3376
      4.83700      14.2140
      4.84200      14.0698
      4.84600      13.9153
      4.85100      13.7402
      4.85600      13.6475
      4.86000      13.5857
      4.86500      13.4312
      4.86900      13.2046
      4.87400      12.9986
      4.87800      12.7926
      4.88300      12.6484
      4.88800      12.5454
      4.89200      12.3703
      4.89700      12.1437
      4.90100      11.8862
      4.90600      11.5875
      4.91100      11.4227
      4.91500      11.2991
      4.92000      11.1240
      4.92500      10.9901
      4.92900      10.9077
      4.93400      10.8459
      4.93900      10.8150
      4.94300      10.7635
      4.94800      10.6502
      4.95300      10.5369
      4.95800      10.3824
      4.96200      10.2176
      4.96700      10.0734
      4.97200      9.99100
      4.97700      9.89830
      4.98100      9.80560
      4.98600      9.70260
      4.99100      9.66140
      4.99600      9.62020
      5.00100      9.56870
      5.00500      9.54810
      5.01000      9.57900
      5.01500      9.56870
      5.02000      9.51720
      5.02500      9.47600
      5.03000      9.45540
      5.03500      9.45540
      5.04000      9.42450
      5.04400      9.44510
      5.04900      9.42450
      5.05400      9.44510
      5.05900      9.51720
      5.06400      9.50690
      5.06900      9.47600
      5.07400      9.43480
      5.07900      9.47600
      5.08400      9.51720
      5.08900      9.52750
      5.09400      9.54810
      5.09900      9.54810
      5.10400      9.56870
      5.10900      9.55840
      5.11400      9.53780
      5.11900      9.55840
      5.12400      9.50690
      5.12900      9.51720
      5.13400      9.52750
      5.13900      9.50690
      5.14500      9.45540
      5.15000      9.43480
      5.15500      9.43480
      5.16000      9.45540
      5.16500      9.46570
      5.17000      9.42450
      5.17500      9.36270
      5.18000      9.29060
      5.18600      9.22880
      5.19100      9.18760
      5.19600      9.11550
      5.20100      8.99190
      5.20600      8.84770
      5.21200      8.80650
      5.21700      8.75500
      5.22200      8.61080
      5.22700      8.41510
      5.23300      8.22970
      5.23800      8.07520
      5.24300      7.96190
      5.24900      7.82800
      5.25400      7.67350
      5.25900      7.50870
      5.26500      7.37480
      5.27000      7.31300
      5.27500      7.27180
      5.28100      7.22030
      5.28600      7.14820
      5.29100      7.07610
      5.29700      6.93190
      5.30200      6.80830
      5.30800      6.77740
      5.31300      6.74650
      5.31900      6.72590
      5.32400      6.70530
      5.33000      6.64350
      5.33500      6.61260
      5.34100      6.61260
      5.34600      6.63320
      5.35200      6.61260
      5.35700      6.60230
      5.36300      6.65380
      5.36800      6.74650
      5.37400      6.82890
      5.37900      6.88040
      5.38500      6.95250
      5.39000      7.05550
      5.39600      7.18940
      5.40200      7.30270
      5.40700      7.36450
      5.41300      7.42630
      5.41900      7.45720
      5.42400      7.46750
      5.43000      7.54990
      5.43600      7.59110
      5.44100      7.57050
      5.44700      7.53960
      5.45300      7.50870
      5.45900      7.51900
      5.46400      7.49840
      5.47000      7.44690
      5.47600      7.39540
      5.48200      7.37480
      5.48700      7.32330
      5.49300      7.21000
      5.49900      7.15850
      5.50500      7.12760
      5.51100      7.07610
      5.51700      7.00400
      5.52300      6.94220
      5.52800      6.91130
      5.53400      6.87010
      5.54000      6.80830
      5.54600      6.77740
      5.55200      6.74650
      5.55800      6.74650
      5.56400      6.71560
      5.57000      6.65380
      5.57600      6.60230
      5.58200      6.63320
      5.58800      6.67440
      5.59400      6.68470
      5.60000      6.65380
      5.60600      6.68470
      5.61200      6.70530
      5.61800      6.75680
      5.62400      6.78770
      5.63000      6.82890
      5.63700      6.85980
      5.64300      6.95250
      5.64900      7.02460
      5.65500      7.08640
      5.66100      7.09670
      5.66700      7.10700
      5.67400      7.15850
      5.68000      7.27180
      5.68600      7.29240
      5.69200      7.24090
      5.69800      7.24090
      5.70500      7.23060
      5.71100      7.17910
      5.71700      7.11730
      5.72400      7.10700
      5.73000      7.12760
      5.73600      7.11730
      5.74300      7.08640
      5.74900      7.01430
      5.75500      6.97310
      5.76200      6.92160
      5.76800      6.88040
      5.77500      6.82890
      5.78100      6.73620
      5.78800      6.65380
      5.79400      6.61260
      5.80000      6.50960
      5.80700      6.47870
      5.81300      6.49930
      5.82000      6.46840
      5.82700      6.36540
      5.83300      6.29330
      5.84000      6.19030
      5.84600      6.06670
      5.85300      6.00490
      5.85900      5.97400
      5.86600      5.92250
      5.87300      5.85040
      5.87900      5.76800
      5.88600      5.68560
      5.89300      5.58260
      5.89900      5.52080
      5.90600      5.46930
      5.91300      5.39720
      5.92000      5.29420
      5.92600      5.23240
      5.93300      5.23240
      5.94000      5.22210
      5.94700      5.12940
      5.95400      5.06760
      5.96000      5.03670
      5.96700      5.05730
      5.97400      5.00580
      5.98100      4.96460
      5.98800      4.89250
      5.99500      4.87190
      6.00200      4.82040
      6.00900      4.75860
      6.01600      4.72770
      6.02300      4.68650
      6.03000      4.62470
      6.03700      4.58350
      6.04400      4.49080
      6.05100      4.42900
      6.05800      4.39810
      6.06500      4.39810
      6.07200      4.41870
      6.07900      4.39810
      6.08600      4.35690
      6.09400      4.33630
      6.10100      4.31570
      6.10800      4.26420
      6.11500      4.20240
      6.12200      4.18180
      6.13000      4.12000
      6.13700      4.05820
      6.14400      4.02730
      6.15100      4.01700
      6.15900      4.02730
      6.16600      4.04790
      6.17300      4.02730
      6.18100      4.05820
      6.18800      4.10970
      6.19500      4.14060
      6.20300      4.19210
      6.21000      4.28480
      6.21800      4.37750
      6.22500      4.49080
      6.23300      4.62470
      6.24000      4.70710
      6.24800      4.73800
      6.25500      4.82040
      6.26300      4.91310
      6.27000      5.02640
      6.27800      5.11910
      6.28600      5.25300
      6.29300      5.37660
      6.30100      5.45900
      6.30800      5.48990
      6.31600      5.51050
      6.32400      5.51050
      6.33200      5.47960
      6.33900      5.52080
      6.34700      5.62380
      6.35500      5.64440
      6.36300      5.65470
      6.37000      5.63410
      6.37800      5.60320
      6.38600      5.50020
      6.39400      5.45900
      6.40200      5.46930
      6.41000      5.47960
      6.41800      5.38690
      6.42600      5.39720
      6.43400      5.45900
      6.44200      5.42810
      6.45000      5.29420
      6.45800      5.23240
      6.46600      5.18090
      6.47400      5.16030
      6.48200      5.13970
      6.49000      5.11910
      6.49800      5.07790
      6.50600      5.03670
      6.51400      4.96460
      6.52300      4.97490
      6.53100      4.93370
      6.53900      4.94400
      6.54700      4.96460
      6.55600      4.94400
      6.56400      4.88220
      6.57200      4.91310
      6.58100      5.00580
      6.58900      5.05730
      6.59700      5.10880
      6.60600      5.22210
      6.61400      5.28390
      6.62300      5.32510
      6.63100      5.36630
      6.64000      5.42810
      6.64800      5.47960
      6.65700      5.51050
      6.66500      5.45900
      6.67400      5.40750
      6.68200      5.42810
      6.69100      5.47960
      6.70000      5.48990
      6.70800      5.50020
      6.71700      5.44870
      6.72600      5.40750
      6.73400      5.39720
      6.74300      5.39720
      6.75200      5.35600
      6.76100      5.37660
      6.77000      5.28390
      6.77800      5.24270
      6.78700      5.31480
      6.79600      5.36630
      6.80500      5.29420
      6.81400      5.26330
      6.82300      5.24270
      6.83200      5.23240
      6.84100      5.12940
      6.85000      5.09850
      6.85900      5.09850
      6.86800      5.02640
      6.87700      4.97490
      6.88600      4.95430
      6.89600      4.93370
      6.90500      4.87190
      6.91400      4.77920
      6.92300      4.84100
      6.93200      4.85130
      6.94200      4.77920
      6.95100      4.67620
      6.96000      4.65560
      6.97000      4.63500
      6.97900      4.63500
      6.98900      4.62470
      6.99800      4.63500
      7.00700      4.58350
      7.01700      4.53200
      7.02600      4.52170
      7.03600      4.56290
      7.04600      4.49080
      7.05500      4.47020
      7.06500      4.45990
      7.07400      4.51140
      7.08400      4.49080
      7.09400      4.44960
      7.10300      4.39810
      7.11300      4.38780
      7.12300      4.32600
      7.13300      4.31570
      7.14300      4.33630
      7.15200      4.39810
      7.16200      4.41870
      7.17200      4.43930
      7.18200      4.42900
      7.19200      4.36720
      7.20200      4.32600
      7.21200      4.37750
      7.22200      4.35690
      7.23200      4.33630
      7.24200      4.30540
      7.25200      4.27450
      7.26300      4.21270
      7.27300      4.25390
      7.28300      4.23330
      7.29300      4.24360
      7.30300      4.23330
      7.31400      4.24360
      7.32400      4.23330
      7.33400      4.17150
      7.34500      4.05820
      7.35500      4.01700
      7.36600      4.06850
      7.37600      4.04790
      7.38700      3.98610
      7.39700      3.96550
      7.40800      3.93460
      7.41800      3.93460
      7.42900      3.94490
      7.44000      3.92430
      7.45000      3.85220
      7.46100      3.83160
      7.47200      3.78010
      7.48300      3.74920
      7.49300      3.74920
      7.50400      3.78010
      7.51500      3.74920
      7.52600      3.79040
      7.53700      3.70800
      7.54800      3.63590
      7.55900      3.65650
      7.57000      3.66680
      7.58100      3.59470
      7.59200      3.56380
      7.60300      3.54320
      7.61400      3.55350
      7.62600      3.52260
      7.63700      3.56380
      7.64800      3.51230
      7.65900      3.51230
      7.67100      3.51230
      7.68200      3.50200
      7.69400      3.48140
      7.70500      3.52260
      7.71600      3.53290
      7.72800      3.50200
      7.73900      3.47110
      7.75100      3.53290
      7.76300      3.40930
      7.77400      3.35780
      7.78600      3.35780
      7.79800      3.40930
      7.80900      3.44020
      7.82100      3.48140
      7.83300      3.46080
      7.84500      3.44020
      7.85700      3.38870
      7.86900      3.42990
      7.88100      3.40930
      7.89300      3.41960
      7.90500      3.41960
      7.91700      3.34750
      7.92900      3.28570
      7.94100      3.30630
      7.95300      3.27540
      7.96500      3.26510
      7.97800      3.22390
      7.99000      3.20330
      8.00200      3.16210
      8.01500      3.18270
      8.02700      3.18270
      8.03900      3.19300
      8.05200      3.18270
      8.06400      3.17240
      8.07700      3.09000
      8.09000      3.13120
      8.10200      3.23420
      8.11500      3.27540
      8.12800      3.19300
      8.14000      3.28570
      8.15300      3.37840
      8.16600      3.34750
      8.17900      3.31660
      8.19200      3.38870
      8.20500      3.30630
      8.21800      3.25480
      8.23100      3.26510
      8.24400      3.31660
      8.25700      3.31660
      8.27000      3.28570
      8.28300      3.23420
      8.29700      3.23420
      8.31000      3.23420
      8.32300      3.29600
      8.33700      3.29600
      8.35000      3.31660
      8.36300      3.25480
      8.37700      3.27540
      8.39100      3.42990
      8.40400      3.49170
      8.41800      3.37840
      8.43100      3.39900
      8.44500      3.36810
      8.45900      3.33720
      8.47300      3.32690
      8.48700      3.38870
      8.50100      3.42990
      8.51500      3.53290
      8.52900      3.56380
      8.54300      3.59470
      8.55700      3.50200
      8.57100      3.47110
      8.58500      3.37840
      8.59900      3.31660
      8.61400      3.29600
      8.62800      3.38870
      8.64200      3.44020
      8.65700      3.52260
      8.67100      3.60500
      8.68600      3.78010
      8.70000      3.86250
      8.71500      3.92430
      8.73000      3.96550
      8.74400      4.08910
      8.75900      4.12000
      8.77400      4.12000
      8.78900      4.16120
      8.80400      4.29510
      8.81900      4.33630
      8.83400      4.38780
      8.84900      4.37750
      8.86400      4.39810
      8.87900      4.44960
      8.89400      4.59380
      8.90900      4.49080
      8.92500      4.51140
      8.94000      4.58350
      8.95600      4.67620
      8.97100      4.71740
      8.98700      4.78950
      9.00200      4.77920
      9.01800      4.74830
      9.03400      4.73800
      9.04900      4.82040
      9.06500      4.85130
      9.08100      4.81010
      9.09700      4.69680
      9.11300      4.75860
      9.12900      4.78950
      9.14500      4.78950
      9.16100      4.71740
      9.17800      4.76890
      9.19400      4.78950
      9.21000      4.75860
      9.22600      4.70710
      9.24300      4.79980
      9.25900      4.78950
      9.27600      4.70710
      9.29300      4.65560
      9.30900      4.72770
      9.32600      4.58350
      9.34300      4.43930
      9.36000      4.34660
      9.37700      4.27450
      9.39400      4.03760
      9.41100      3.91400
      9.42800      3.80070
      9.44500      3.87280
      9.46200      3.90370
      9.47900      4.00670
      9.49700      4.02730
      9.51400      4.05820
      9.53200      4.04790
      9.54900      4.19210
      9.56700      4.30540
      9.58500      4.44960
      9.60200      4.49080
      9.62000      4.51140
      9.63800      4.42900
      9.65600      4.35690
      9.67400      4.25390
      9.69200      4.25390
      9.71000      4.20240
      9.72800      4.04790
      9.74700      3.85220
      9.76500      3.73890
      9.78300      3.65650
      9.80200      3.73890
      9.82100      3.64620
      9.83900      3.56380
      9.85800      3.54320
      9.87700      3.50200
      9.89500      3.39900
      9.91400      3.42990
      9.93300      3.44020
      9.95200      3.48140
      9.97200      3.50200
      9.99100      3.47110
      10.0100      3.34750
      10.0290      3.34750
      10.0490      3.29600
      10.0680      3.26510
      10.0880      3.26510
      10.1080      3.34750
      10.1270      3.37840
      10.1470      3.34750
      10.1670      3.30630
      10.1870      3.42990
      10.2070      3.42990
      10.2270      3.47110
      10.2470      3.48140
      10.2680      3.61530
      10.2880      3.67710
      10.3090      3.75950
      10.3290      3.80070
      10.3500      3.85220
      10.3700      3.79040
      10.3910      3.73890
      10.4120      3.59470
      10.4330      3.49170
      10.4540      3.38870
      10.4750      3.40930
      10.4960      3.32690
      10.5180      3.25480
      10.5390      3.20330
      10.5600      3.32690
      10.5820      3.37840
      10.6040      3.32690
      10.6250      3.23420
      10.6470      3.28570
      10.6690      3.29600
      10.6910      3.36810
      10.7130      3.32690
      10.7350      3.34750
      10.7580      3.30630
      10.7800      3.38870
      10.8020      3.47110
      10.8250      3.56380
      10.8480      3.60500
      10.8700      3.69770
      10.8930      3.70800
      10.9160      3.80070
      10.9390      3.79040
      10.9620      3.84190
      10.9850      3.86250
      11.0090      3.91400
      11.0320      3.96550
      11.0560      4.13030
      11.0790      4.16120
      11.1030      4.18180
      11.1270      4.26420
      11.1510      4.40840
      11.1750      4.41870
      11.1990      4.37750
      11.2230      4.36720
      11.2480      4.44960
      11.2720      4.49080
      11.2970      4.49080
      11.3210      4.47020
      11.3460      4.66590
      11.3710      4.75860
      11.3960      4.78950
      11.4210      4.78950
      11.4460      4.87190
      11.4710      4.90280
      11.4970      4.93370
      11.5220      4.94400
      11.5480      5.04700
      11.5740      5.05730
      11.6000      5.05730
      11.6260      5.02640
      11.6520      5.09850
      11.6780      5.11910
      11.7040      5.12940
      11.7310      5.04700
      11.7570      5.04700
      11.7840      5.02640
      11.8110      4.99550
      11.8380      4.86160
      11.8650      4.88220
      11.8920      4.75860
      11.9200      4.67620
      11.9470      4.60410
      11.9750      4.57320
      12.0020      4.51140
      12.0300      4.57320
      12.0580      4.59380
      12.0860      4.63500
      12.1150      4.57320
      12.1430      4.49080
      12.1710      4.35690
      12.2000      4.36720
      12.2290      4.34660
      12.2580      4.41870
      12.2870      4.45990
      12.3160      4.55260
      12.3450      4.52170
      12.3750      4.57320
      12.4040      4.54230
      12.4340      4.57320
      12.4640      4.57320
      12.4940      4.58350
      12.5240      4.49080
      12.5540      4.34660
      12.5850      4.10970
      12.6160      4.02730
      12.6460      3.89340
      12.6770      3.82130
      12.7080      3.79040
      12.7390      3.83160
      12.7710      3.80070
      12.8020      3.78010
      12.8340      3.71830
      12.8660      3.72860
      12.8980      3.50200
      12.9300      3.40930
      12.9620      3.39900
      12.9950      3.40930
      13.0270      3.31660
      13.0600      3.31660
      13.0930      3.29600
      13.1260      3.31660
      13.1600      3.28570
      13.1930      3.27540
      13.2270      3.27540
      13.2610      3.30630
      13.2950      3.30630
      13.3290      3.30630
      13.3630      3.21360
      13.3980      3.20330
      13.4320      3.27540
      13.4670      3.45050
      13.5020      3.41960
      13.5380      3.41960
      13.5730      3.32690
      13.6090      3.46080
      13.6440      3.55350
      13.6800      3.68740
      13.7170      3.64620
      13.7530      3.67710
      13.7900      3.57410
      13.8260      3.61530
      13.8630      3.46080
      13.9000      3.50200
      13.9380      3.53290
      13.9750      3.64620
      14.0130      3.53290
      14.0510      3.51230
