     0.304000      99.0000
     0.306000      98.8100
     0.308000      97.9700
     0.310000      98.5500
     0.312000      98.7700
     0.314000      99.0300
     0.316000      98.7700
     0.318000      99.0600
     0.320000      98.9500
     0.322000      99.0000
     0.324000      98.9500
     0.326000      98.9500
     0.328000      98.9900
     0.330000      99.0400
     0.332000      99.1400
     0.334000      98.9400
     0.336000      98.9100
     0.338000      99.1400
     0.340000      99.0800
     0.342000      98.9900
     0.344000      98.9300
     0.346000      99.0900
     0.348000      99.1000
     0.350000      99.0100
     0.352000      99.0800
     0.354000      99.0600
     0.356000      99.0700
     0.358000      99.0200
     0.360000      99.1800
     0.362000      99.1300
     0.364000      99.2900
     0.366000      99.0900
     0.368000      99.2700
     0.370000      99.2100
     0.372000      99.2200
     0.374000      99.2300
     0.376000      99.1900
     0.378000      99.1900
     0.380000      99.2400
     0.382000      99.2800
     0.384000      99.2000
     0.386000      99.1600
     0.388000      99.3700
     0.390000      99.2100
     0.392000      99.2000
     0.394000      99.3300
     0.396000      99.2600
     0.398000      99.2600
     0.400000      99.3200
     0.402000      99.1200
     0.404000      99.2100
     0.406000      99.2800
     0.408000      99.2900
     0.410000      99.3400
     0.412000      99.2800
     0.414000      99.3400
     0.416000      99.4000
     0.418000      99.3900
     0.420000      99.2800
     0.422000      99.2200
     0.424000      99.2100
     0.426000      99.3800
     0.428000      99.3300
     0.430000      99.3400
     0.432000      99.3400
     0.434000      99.4500
     0.436000      99.4500
     0.438000      99.5100
     0.440000      99.3400
     0.442000      99.4600
     0.444000      99.3300
     0.446000      99.3200
     0.448000      99.3700
     0.450000      99.4000
     0.452000      99.4600
     0.454000      99.5200
     0.456000      99.4600
     0.458000      99.6200
     0.460000      99.3400
     0.462000      99.4500
     0.464000      99.5400
     0.466000      99.4700
     0.468000      99.6100
     0.470000      99.6000
     0.472000      99.4600
     0.474000      99.5400
     0.476000      99.5200
     0.478000      99.4600
     0.480000      99.4000
     0.482000      99.5100
     0.484000      99.4700
     0.486000      99.5300
     0.488000      99.5100
     0.490000      99.4100
     0.492000      99.4500
     0.494000      99.5100
     0.496000      99.4700
     0.498000      99.3900
     0.500000      99.4100
     0.502000      99.4600
     0.504000      99.3800
     0.506000      99.5400
     0.508000      99.4500
     0.510000      99.4500
     0.512000      99.5300
     0.514000      99.3400
     0.516000      99.4600
     0.518000      99.4500
     0.520000      99.4100
     0.522000      99.4500
     0.524000      99.5200
     0.526000      99.4000
     0.528000      99.1900
     0.530000      99.5400
     0.532000      99.3200
     0.534000      99.4100
     0.536000      99.6000
     0.538000      99.4100
     0.540000      99.2000
     0.542000      99.3300
     0.544000      99.4500
     0.546000      99.1400
     0.548000      99.5200
     0.550000      99.2900
     0.552000      99.3900
     0.554000      99.3000
     0.556000      99.4500
     0.558000      99.4700
     0.560000      99.2800
     0.562000      99.4100
     0.564000      99.3300
     0.566000      99.3000
     0.568000      99.3200
     0.570000      99.3000
     0.572000      99.3200
     0.574000      99.2500
     0.576000      99.2100
     0.578000      99.3500
     0.580000      99.3200
     0.582000      99.3000
     0.584000      99.1900
     0.586000      99.4600
     0.588000      99.2800
     0.590000      99.2700
     0.592000      99.3100
     0.594000      99.2600
     0.596000      99.3500
     0.598000      99.2100
     0.600000      99.2400
     0.602000      99.1300
     0.604000      99.2800
     0.606000      99.1700
     0.608000      99.1700
     0.610000      99.1600
     0.612000      99.2200
     0.614000      99.1000
     0.616000      99.0800
     0.618000      98.9900
     0.620000      99.0800
     0.622000      98.9600
     0.624000      98.9500
     0.626000      98.9200
     0.628000      98.9100
     0.630000      98.9700
     0.632000      98.9400
     0.634000      98.9300
     0.636000      98.8800
     0.638000      98.8700
     0.640000      98.8800
     0.642000      98.9400
     0.644000      98.8900
     0.646000      98.8400
     0.648000      98.6500
     0.650000      98.8200
     0.652000      98.7600
     0.654000      98.7500
     0.656000      98.7400
     0.658000      98.7100
     0.660000      98.6600
     0.662000      98.5300
     0.664000      98.7500
     0.666000      98.6100
     0.668000      98.5900
     0.670000      98.5900
     0.672000      98.5500
     0.674000      98.5900
     0.676000      98.5500
     0.678000      98.5600
     0.680000      98.5000
     0.682000      98.5300
     0.684000      98.5100
     0.686000      98.4900
     0.688000      98.4900
     0.690000      98.4500
     0.692000      98.5100
     0.694000      98.4800
     0.696000      98.3300
     0.698000      98.3300
     0.700000      98.3900
     0.702000      98.3000
     0.704000      98.2500
     0.706000      97.6900
     0.708000      98.2500
     0.710000      97.9700
     0.712000      98.1900
     0.714000      98.1600
     0.716000      98.0800
     0.718000      98.0900
     0.720000      98.1100
     0.722000      98.0500
     0.724000      97.9700
     0.726000      98.0100
     0.728000      98.0500
     0.730000      97.8200
     0.732000      97.9100
     0.734000      97.9900
     0.736000      98.0300
     0.738000      97.9400
     0.740000      97.9400
     0.742000      97.9100
     0.744000      97.7400
     0.746000      97.7600
     0.748000      97.8300
     0.750000      97.7700
     0.752000      97.6500
     0.754000      97.6900
     0.756000      97.7000
     0.758000      97.5200
     0.760000      97.4700
     0.762000      97.5600
     0.764000      97.5500
     0.766000      97.3200
     0.768000      97.2600
     0.770000      97.3300
     0.772000      97.3900
     0.774000      97.1800
     0.776000      96.8600
     0.778000      97.2200
     0.780000      97.1900
     0.782000      97.0200
     0.784000      96.7200
     0.786000      97.0100
     0.788000      97.0100
     0.790000      96.8500
     0.792000      96.6200
     0.794000      96.8300
     0.796000      96.8600
     0.798000      96.7200
     0.800000      96.4500
     0.802000      96.6700
     0.804000      96.7300
     0.826000      96.5300
     0.848000      96.4500
     0.860000      95.8500
     0.882000      94.8800
     0.904000      94.4300
     0.926000      94.3500
     0.948000      93.8900
     0.960000      92.7700
     0.982000      91.8000
      1.00400      89.9100
      1.02600      88.7500
      1.04800      88.1200
      1.06000      89.6800
      1.08200      89.6800
      1.10400      89.7700
      1.12600      89.9700
      1.14800      89.1300
      1.16000      87.6100
      1.18200      85.0000
      1.20400      82.3500
      1.22600      74.5200
      1.24800      77.1700
      1.26000      76.8600
      1.28200      77.2700
      1.30400      74.8700
      1.32600      77.4700
      1.34800      76.8800
      1.36000      76.4300
      1.38200      75.8600
      1.40400      74.5900
      1.42600      61.7500
      1.44800      37.8400
      1.46000      29.8200
      1.48200      24.6900
      1.50400      21.5400
      1.52600      22.6300
      1.54800      22.5200
      1.56000      26.4100
      1.58200      30.2400
      1.60400      31.3000
      1.62600      29.8100
      1.64800      38.3700
      1.66000      39.9100
      1.68200      44.5500
      1.70400      45.4400
      1.72600      48.1000
      1.74800      47.6000
      1.76000      50.6900
      1.78200      48.8400
      1.80400      54.3200
      1.82600      54.1100
      1.84800      58.2900
      1.86000      54.3900
      1.88200      42.8400
      1.90400      30.6200
      1.92600      21.8000
      1.94800      17.0900
      1.96000      13.1000
      1.98200      11.5700
      2.00400      10.7700
      2.02600      11.4300
      2.04800      13.1000
      2.06000      13.9300
      2.08200      16.1600
      2.10400      19.2700
      2.12600      23.3200
      2.14800      30.1500
      2.16000      33.6400
      2.18200      36.3600
      2.20400      42.9300
      2.22600      45.2900
      2.24000      44.8100
      2.24800      44.8100
      2.25000      44.6400
      2.25200      44.5100
      2.25400      44.5900
      2.25600      44.5700
      2.25800      44.5500
      2.26000      44.4200
      2.26200      44.2100
      2.26400      44.4900
      2.26600      44.3300
      2.26800      44.4400
      2.27000      44.0200
      2.27200      43.6200
      2.27400      44.1700
      2.27600      43.8300
      2.27800      44.0700
      2.28000      43.3000
      2.28200      42.8600
      2.28400      43.5400
      2.28600      43.0700
      2.28800      43.3800
      2.29000      42.5600
      2.29200      42.4700
      2.29400      42.3700
      2.29600      42.2700
      2.29800      42.1700
      2.30000      41.2000
      2.30200      41.5500
      2.30400      41.4700
      2.30600      41.3900
      2.30800      41.3000
      2.31000      40.0800
      2.31200      41.1000
      2.31400      40.9900
      2.31600      40.2800
      2.31800      40.1800
      2.32000      39.0500
      2.32200      39.9800
      2.32400      39.8800
      2.32600      39.7800
      2.32800      39.6700
      2.33000      38.6000
      2.33200      38.9600
      2.33400      38.8700
      2.33600      38.7800
      2.33800      38.2000
      2.34000      37.5300
      2.34200      37.9700
      2.34400      37.8600
      2.34600      37.7500
      2.34800      37.6400
      2.35000      36.6500
      2.35200      36.9600
      2.35400      36.8800
      2.35600      36.8000
      2.35800      36.7300
      2.36000      36.2700
      2.36200      36.2000
      2.36400      36.1200
      2.36600      36.0500
      2.36800      35.9900
      2.37000      35.2500
      2.37200      35.1800
      2.37400      35.1200
      2.37600      35.7300
      2.37800      35.3200
      2.38000      34.6700
      2.38200      34.6200
      2.38400      34.8300
      2.38600      35.0600
      2.38800      34.7200
      2.39000      34.4100
      2.39200      34.3600
      2.39400      34.5700
      2.39600      34.5200
      2.39800      34.4600
      2.40000      33.9200
      2.40200      34.1200
      2.40400      33.8200
      2.40600      33.7700
      2.40800      33.9700
      2.41000      33.4500
      2.41200      33.6400
      2.41400      33.5900
      2.41600      33.3100
      2.41800      33.4900
      2.42000      32.9500
      2.42200      32.8900
      2.42400      32.8300
      2.42600      33.0700
      2.42800      33.0100
      2.43000      32.6500
      2.43200      32.6000
      2.43400      32.5600
      2.43600      32.7600
      2.43800      32.7000
      2.44000      32.2100
      2.44200      32.4000
      2.44400      32.3500
      2.44600      32.3100
      2.44800      32.0300
      2.45000      31.9900
      2.45200      31.9400
      2.45400      31.8900
      2.45600      31.5300
      2.45800      31.7700
      2.46000      31.1700
      2.46200      31.1000
      2.46400      31.3300
      2.46600      31.2800
      2.46800      31.2200
      2.47000      30.5900
      2.47200      30.7800
      2.47400      31.0400
      2.47600      30.9700
      2.47800      30.9000
      2.48000      30.3800
      2.48200      30.5600
      2.48400      30.2700
      2.48600      30.2200
      2.48800      30.4300
      2.49000      29.8100
      2.49200      29.7600
      2.49400      29.9800
      2.49600      29.9300
      2.49800      29.8700
      2.50000      29.2800
      2.50200      29.4800
      2.50400      29.4300
      2.50600      29.3800
      2.50800      29.3300
      2.51000      29.0800
      2.51200      29.2400
      2.51400      29.2000
      2.51600      28.9300
      2.51800      29.1200
      2.52000      28.8300
      2.52200      28.7900
      2.52400      28.7500
      2.52600      28.7100
      2.52800      28.6700
      2.53000      28.3300
      2.53200      28.2700
      2.53400      28.2100
      2.53600      28.1700
      2.53800      28.4100
      2.54000      28.1200
      2.54200      28.1100
      2.54400      27.9100
      2.54600      27.8600
      2.54800      28.0500
      2.55000      27.8500
      2.55200      27.7900
      2.55400      27.8100
      2.55600      27.8400
      2.55800      27.8500
      2.56000      27.1600
      2.56200      27.7900
      2.56400      26.9200
      2.56600      26.8800
      2.56800      27.3400
      2.57000      26.9200
      2.57200      26.9500
      2.57400      26.9600
      2.57600      26.9400
      2.57800      26.9000
      2.58000      26.6200
      2.58200      26.5300
      2.58400      26.7800
      2.58600      26.7400
      2.58800      26.2700
      2.59000      26.1800
      2.59200      26.0500
      2.59400      25.8800
      2.59600      25.6600
      2.59800      25.4200
      2.60000      25.2200
      2.60200      25.3100
      2.60400      25.3300
      2.60600      24.9900
      2.60800      25.1800
      2.61000      25.0800
      2.61200      25.0000
      2.61400      24.7800
      2.61600      24.9900
      2.61800      25.0100
      2.62000      24.0200
      2.62200      24.2700
      2.62400      24.2300
      2.62600      24.6200
      2.62800      24.4600
      2.63000      23.4900
      2.63200      23.8700
      2.63400      23.7100
      2.63600      23.5700
      2.63800      23.4900
      2.64000      23.8900
      2.64200      23.8300
      2.64400      23.7000
      2.64600      23.7900
      2.64800      23.8800
      2.65000      22.1100
      2.65200      22.8700
      2.65400      22.6700
      2.65600      22.4800
      2.65800      22.2900
      2.66000      20.9200
      2.66200      20.5100
      2.66400      20.0400
      2.66600      21.5200
      2.66800      19.0100
      2.67000      17.4600
      2.67200      17.4200
      2.67400      17.8300
      2.67600      17.6300
      2.67800      17.5200
      2.68000      17.1300
      2.68200      17.0200
      2.68400      17.3800
      2.68600      16.7600
      2.68800      16.5900
      2.69000      14.6400
      2.69200      14.3000
      2.69400      15.7600
      2.69600      15.3900
      2.69800      15.0100
      2.70000      13.2600
      2.70200      13.0000
      2.70400      14.0000
      2.70600      12.3900
      2.70800      13.5000
      2.71000      10.0400
      2.71200      11.3300
      2.71400      10.9900
      2.71600      10.6700
      2.71800      12.0400
      2.72000      8.29000
      2.72200      9.71000
      2.72400      9.36000
      2.72600      8.99000
      2.72800      8.63000
      2.73000      7.19000
      2.73200      6.99000
      2.73400      6.75000
      2.73600      6.47000
      2.73800      7.37000
      2.74000      5.84000
      2.74200      4.37000
      2.74400      5.23000
      2.74600      4.96000
      2.74800      4.74000
      2.75000      3.62000
      2.75200      3.41000
      2.75400      4.19000
      2.75600      4.01000
      2.75800      3.82000
      2.76000      2.66000
      2.76200      2.51000
      2.76400      2.38000
      2.76600      2.25000
      2.76800      2.13000
      2.77000      1.54000
      2.77200      1.46000
      2.77400      1.81000
      2.77600      1.72000
      2.77800      1.63000
      2.78000      1.15000
      2.78200      1.09000
      2.78400      1.38000
      2.78600      1.30000
      2.78800      1.23000
      2.79000     0.730000
      2.79200     0.840000
      2.79400     0.810000
      2.79600     0.780000
      2.79800     0.920000
      2.80000     0.590000
      2.80200     0.700000
      2.80400     0.670000
      2.80600     0.640000
      2.80800     0.610000
      2.81000     0.520000
      2.81200     0.510000
      2.81400     0.550000
      2.81600     0.480000
      2.81800     0.530000
      2.82000     0.460000
      2.82200     0.450000
      2.82400     0.440000
      2.82600     0.430000
      2.82800     0.470000
      2.83000     0.420000
      2.83200     0.410000
      2.83400     0.400000
      2.83600     0.390000
      2.83800     0.390000
      2.84000     0.440000
      2.84200     0.440000
      2.84400     0.400000
      2.84600     0.410000
      2.84800     0.430000
      2.85000     0.420000
      2.85200     0.400000
      2.85400     0.380000
      2.85600     0.440000
      2.85800     0.430000
      2.86000     0.330000
      2.86200     0.320000
      2.86400     0.320000
      2.86600     0.310000
      2.86800     0.310000
      2.87000     0.340000
      2.87200     0.350000
      2.87400     0.320000
      2.87600     0.330000
      2.87800     0.340000
      2.88000     0.330000
      2.88200     0.330000
      2.88400     0.340000
      2.88600     0.350000
      2.88800     0.330000
      2.89000     0.400000
      2.89200     0.420000
      2.89400     0.440000
      2.89600     0.450000
      2.89800     0.370000
      2.90000     0.460000
      2.90200     0.470000
      2.90400     0.470000
      2.90600     0.470000
      2.90800     0.460000
      2.91000     0.490000
      2.91200     0.460000
      2.91400     0.460000
      2.91600     0.460000
      2.91800     0.470000
      2.92000     0.520000
      2.92200     0.520000
      2.92400     0.510000
      2.92600     0.520000
      2.92800     0.520000
      2.93000     0.530000
      2.93200     0.540000
      2.93400     0.550000
      2.93600     0.520000
      2.93800     0.520000
      2.94000     0.570000
      2.94200     0.580000
      2.94400     0.600000
      2.94600     0.620000
      2.94800     0.560000
      2.95000     0.690000
      2.95200     0.690000
      2.95400     0.710000
      2.95600     0.710000
      2.95800     0.710000
      2.96000     0.650000
      2.96200     0.670000
      2.96400     0.650000
      2.96600     0.640000
      2.96800     0.640000
      2.97000     0.720000
      2.97200     0.710000
      2.97400     0.700000
      2.97600     0.710000
      2.97800     0.720000
      2.98000     0.680000
      2.98200     0.680000
      2.98400     0.690000
      2.98600     0.700000
      2.98800     0.690000
      2.99000     0.720000
      2.99200     0.730000
      2.99400     0.740000
      2.99600     0.760000
      2.99800     0.710000
      3.00000     0.790000
      3.00200     0.810000
      3.00400     0.830000
      3.00600     0.850000
      3.00800     0.870000
      3.01000     0.950000
      3.01200     0.910000
      3.01400     0.920000
      3.01600     0.940000
      3.01800     0.950000
      3.02000     0.970000
      3.02200     0.980000
      3.02400     0.960000
      3.02600     0.960000
      3.02800     0.970000
      3.03000      1.08000
      3.03200      1.11000
      3.03400      1.00000
      3.03600      1.02000
      3.03800      1.05000
      3.04000      1.24000
      3.04200      1.27000
      3.04400      1.15000
      3.04600      1.19000
      3.04800      1.22000
      3.05000      1.29000
      3.05200      1.29000
      3.05400      1.28000
      3.05600      1.28000
      3.05800      1.29000
      3.06000      1.29000
      3.06200      1.30000
      3.06400      1.31000
      3.06600      1.33000
      3.06800      1.29000
      3.07000      1.37000
      3.07200      1.40000
      3.07400      1.42000
      3.07600      1.44000
      3.07800      1.35000
      3.08000      1.46000
      3.08200      1.46000
      3.08400      1.46000
      3.08600      1.45000
      3.08800      1.43000
      3.09000      1.41000
      3.09200      1.39000
      3.09400      1.38000
      3.09600      1.37000
      3.09800      1.36000
      3.10000      1.35000
      3.10200      1.34000
      3.10400      1.34000
      3.10600      1.33000
      3.10800      1.32000
      3.11000      1.26000
      3.11200      1.29000
      3.11400      1.28000
      3.11600      1.27000
      3.11800      1.26000
      3.12000      1.26000
      3.12200      1.27000
      3.12400      1.27000
      3.12600      1.27000
      3.12800      1.27000
      3.13000      1.18000
      3.13200      1.18000
      3.13400      1.23000
      3.13600      1.21000
      3.13800      1.19000
      3.14000      1.25000
      3.14200      1.26000
      3.14400      1.19000
      3.14600      1.21000
      3.14800      1.23000
      3.15000      1.21000
      3.15200      1.20000
      3.15400      1.26000
      3.15600      1.25000
      3.15800      1.23000
      3.16000      1.17000
      3.16200      1.17000
      3.16400      1.17000
      3.16600      1.18000
      3.16800      1.17000
      3.17000      1.16000
      3.17200      1.16000
      3.17400      1.16000
      3.17600      1.17000
      3.17800      1.17000
      3.18000      1.17000
      3.18200      1.17000
      3.18400      1.17000
      3.18600      1.16000
      3.18800      1.17000
      3.19000      1.14000
      3.19200      1.13000
      3.19400      1.13000
      3.19600      1.16000
      3.19800      1.15000
      3.20000      1.11000
      3.20200      1.11000
      3.20400      1.11000
      3.20600      1.12000
      3.20800      1.11000
      3.21000      1.10000
      3.21200      1.11000
      3.21400      1.11000
      3.21600      1.10000
      3.21800      1.10000
      3.22000      1.10000
      3.22200      1.09000
      3.22400      1.08000
      3.22600      1.11000
      3.22800      1.11000
      3.23000      1.04000
      3.23200      1.03000
      3.23400      1.03000
      3.23600      1.07000
      3.23800      1.06000
      3.24000      1.01000
      3.24200      1.01000
      3.24400      1.01000
      3.24600      1.02000
      3.24800      1.02000
      3.25000      1.02000
      3.25200      1.02000
      3.25400      1.03000
      3.25600      1.01000
      3.25800      1.01000
      3.26000      1.04000
      3.26200      1.05000
      3.26400      1.05000
      3.26600      1.03000
      3.26800      1.04000
      3.27000      1.03000
      3.27200      1.02000
      3.27400      1.01000
      3.27600      1.04000
      3.27800      1.04000
      3.28000      1.01000
      3.28200      1.01000
      3.28600      1.01000
      3.28800      1.01000
      3.29000      1.05000
      3.29200      1.06000
      3.29400      1.02000
      3.29600      1.03000
      3.29800      1.04000
      3.30000      1.11000
      3.30200      1.12000
      3.30400      1.07000
      3.30600      1.08000
      3.30800      1.09000
      3.31000      1.11000
      3.31200      1.11000
      3.31400      1.12000
      3.31600      1.12000
      3.31800      1.12000
      3.32000      1.11000
      3.32400      1.10000
      3.32600      1.10000
      3.32800      1.10000
      3.33000      1.21000
      3.33200      1.12000
      3.33400      1.14000
      3.33600      1.16000
      3.33800      1.19000
      3.34000      1.31000
      3.34200      1.23000
      3.34400      1.25000
      3.34600      1.27000
      3.34800      1.29000
      3.35200      1.32000
      3.35400      1.34000
      3.35600      1.36000
      3.35800      1.37000
      3.36000      1.39000
      3.36200      1.41000
      3.36400      1.42000
      3.36600      1.44000
      3.36800      1.46000
      3.37000      1.47000
      3.37200      1.50000
      3.37400      1.52000
      3.37600      1.54000
      3.38000      1.59000
      3.38200      1.61000
      3.38400      1.63000
      3.38600      1.65000
      3.38800      1.56000
      3.39000      1.70000
      3.39200      1.73000
      3.39400      1.77000
      3.39600      1.81000
      3.39800      1.67000
      3.40000      1.90000
      3.40200      1.94000
      3.40400      1.98000
      3.40800      1.86000
      3.41000      2.10000
      3.41200      2.15000
      3.41600      2.02000
      3.41800      2.06000
      3.42000      2.33000
      3.42200      2.38000
      3.42400      2.19000
      3.42600      2.24000
      3.42800      2.29000
      3.43000      2.61000
      3.43400      2.43000
      3.43600      2.49000
      3.43800      2.55000
      3.44000      2.92000
      3.44200      2.67000
      3.44400      2.73000
      3.44600      2.79000
      3.44800      2.86000
      3.45200      2.98000
      3.45400      3.04000
      3.45600      3.11000
      3.45800      3.18000
      3.46000      3.25000
      3.46200      3.32000
      3.46400      3.40000
      3.46600      3.48000
      3.47000      3.64000
      3.47200      3.73000
      3.47400      3.83000
      3.47600      3.92000
      3.47800      3.56000
      3.48000      4.10000
      3.48200      4.20000
      3.48400      4.29000
      3.48800      4.01000
      3.49000      4.56000
      3.49200      4.65000
      3.49600      4.38000
      3.49800      4.47000
      3.50000      5.03000
      3.50400      4.74000
      3.50600      4.84000
      3.50800      4.94000
      3.51000      5.53000
      3.51200      5.13000
      3.51400      5.23000
      3.51600      5.32000
      3.51800      5.42000
      3.52200      5.63000
      3.52400      5.74000
      3.52600      5.85000
      3.52800      5.97000
      3.53000      6.09000
      3.53200      6.21000
      3.53400      6.33000
      3.53600      6.45000
      3.54000      6.70000
      3.54200      6.81000
      3.54400      6.93000
      3.54800      6.58000
      3.55000      7.27000
      3.55200      7.39000
      3.55600      7.04000
      3.55800      7.16000
      3.56000      7.87000
      3.56400      7.50000
      3.56600      7.62000
      3.56800      7.74000
      3.57200      7.99000
      3.57400      8.12000
      3.57600      8.24000
      3.57800      8.35000
      3.58000      8.47000
      3.58200      8.58000
      3.58400      8.69000
      3.58600      8.80000
      3.59000      9.01000
      3.59200      9.12000
      3.59400      9.23000
      3.59800      8.91000
      3.60000      9.56000
      3.60200      9.66000
      3.60600      9.34000
      3.60800      9.45000
      3.61000      10.0900
      3.61400      9.77000
      3.61600      9.88000
      3.61800      9.98000
      3.62200      10.1900
      3.62400      10.2900
      3.62600      10.3900
      3.62800      10.4800
      3.63000      10.5700
      3.63200      10.6500
      3.63400      10.7300
      3.63600      10.8000
      3.64000      10.9600
      3.64200      11.0300
      3.64400      11.1100
      3.64800      10.8800
      3.65000      11.3300
      3.65200      11.3900
      3.65600      11.1800
      3.65800      11.2600
      3.66000      11.6100
      3.66400      11.4500
      3.66600      11.5000
      3.66800      11.5600
      3.67200      11.6500
      3.67400      11.7000
      3.67600      11.7400
      3.67800      11.7800
      3.68000      11.8100
      3.68200      11.8500
      3.68400      11.8800
      3.68600      11.9000
      3.69000      11.9400
      3.69200      11.9600
      3.69800      11.9300
      3.70000      11.9900
      3.70400      11.9700
      3.70600      11.9800
      3.70800      11.9900
      3.71200      12.0000
      3.71400      12.0000
      3.71600      12.0000
      3.71800      12.0000
      3.72000      11.9900
      3.72200      11.9700
      3.72400      11.9500
      3.72600      11.9300
      3.73000      11.8700
      3.73200      11.8400
      3.73400      11.8000
      3.73800      11.9000
      3.74000      11.6800
      3.74600      11.7700
      3.74800      11.7300
      3.75200      11.6400
      3.75400      11.5900
      3.75600      11.5400
      3.75800      11.4900
      3.76000      11.4300
      3.76200      11.3800
      3.76400      11.3200
      3.76600      11.2700
      3.77000      11.1700
      3.77200      11.1100
      3.77800      11.2200
      3.78000      10.8500
      3.78400      11.0500
      3.78600      10.9900
      3.78800      10.9200
      3.79200      10.7600
      3.79400      10.6800
      3.79600      10.5900
      3.80000      10.4300
      3.80200      10.3500
      3.80400      10.2900
      3.80800      10.5100
      3.81000      10.1000
      3.81200      10.0300
      3.81600      10.2200
      3.81800      10.1600
      3.82400      9.96000
      3.82600      9.89000
      3.82800      9.81000
      3.83000      9.74000
      3.83200      9.66000
      3.83400      9.59000
      3.83600      9.52000
      3.84000      9.37000
      3.84200      9.30000
      3.84800      9.44000
      3.85000      8.99000
      3.85400      9.22000
      3.85600      9.15000
      3.85800      9.07000
      3.86200      8.91000
      3.86400      8.84000
      3.86600      8.76000
      3.87000      8.61000
      3.87200      8.54000
      3.87400      8.48000
      3.87800      8.68000
      3.88000      8.29000
      3.88600      8.41000
      3.88800      8.35000
      3.89200      8.23000
      3.89400      8.17000
      3.89600      8.10000
      3.89800      8.03000
      3.90000      7.97000
      3.90200      7.90000
      3.90400      7.84000
      3.91000      7.65000
      3.91600      7.77000
      3.91800      7.71000
      3.92200      7.60000
      3.92400      7.54000
      3.92600      7.49000
      3.92800      7.43000
      3.93000      7.38000
      3.93200      7.32000
      3.93400      7.26000
      3.94000      7.08000
      3.94600      7.20000
      3.94800      7.14000
      3.95200      7.02000
      3.95400      6.96000
      3.95600      6.91000
      3.95800      6.85000
      3.96000      6.80000
      3.96200      6.75000
      3.96400      6.69000
      3.97000      6.51000
      3.97600      6.63000
      3.97800      6.57000
      3.98200      6.46000
      3.98400      6.40000
      3.98600      6.35000
      3.98800      6.30000
      3.99000      6.25000
      3.99200      6.21000
      3.99400      6.16000
      4.00000      6.03000
      4.00600      6.12000
      4.00800      6.07000
      4.01200      5.98000
      4.01400      5.93000
      4.01600      5.89000
      4.02000      5.80000
      4.02200      5.76000
      4.02400      5.72000
      4.02800      5.84000
      4.03000      5.60000
      4.03600      5.68000
      4.03800      5.64000
      4.04200      5.56000
      4.04400      5.52000
      4.04600      5.48000
      4.05000      5.40000
      4.05200      5.36000
      4.05800      5.44000
      4.06400      5.31000
      4.06600      5.27000
      4.06800      5.23000
      4.07000      5.19000
      4.07200      5.15000
      4.07400      5.10000
      4.08000      4.98000
      4.08600      5.06000
      4.08800      5.02000
      4.09200      4.94000
      4.09400      4.90000
      4.09600      4.86000
      4.09800      4.82000
      4.10000      4.79000
      4.10200      4.76000
      4.10400      4.73000
      4.11000      4.66000
      4.11600      4.71000
      4.11800      4.68000
      4.12200      4.64000
      4.12400      4.62000
      4.12600      4.60000
      4.13000      4.57000
      4.13200      4.55000
      4.13800      4.59000
      4.14400      4.53000
      4.14600      4.51000
      4.14800      4.48000
      4.15000      4.45000
      4.15200      4.43000
      4.15400      4.40000
      4.16000      4.32000
      4.16600      4.37000
      4.16800      4.35000
      4.17200      4.29000
      4.17400      4.26000
      4.17600      4.22000
      4.18000      4.15000
      4.18200      4.11000
      4.18800      4.19000
      4.19400      4.08000
      4.19600      4.05000
      4.19800      4.02000
      4.20000      3.99000
      4.20200      3.97000
      4.20400      3.94000
      4.21000      3.84000
      4.21600      3.90000
      4.21800      3.87000
      4.22200      3.80000
      4.22400      3.77000
      4.23000      3.69000
      4.23600      3.74000
      4.23800      3.72000
      4.24200      3.66000
      4.24400      3.64000
      4.24600      3.62000
      4.25000      3.56000
      4.25200      3.53000
      4.25800      3.59000
      4.26400      3.50000
      4.26600      3.46000
      4.26800      3.42000
      4.27000      3.38000
      4.27200      3.34000
      4.27400      3.30000
      4.28000      3.22000
      4.28600      3.27000
      4.28800      3.25000
      4.29200      3.19000
      4.29400      3.17000
      4.30000      3.06000
      4.30600      3.14000
      4.30800      3.10000
      4.31200      3.02000
      4.31400      2.98000
      4.31600      2.94000
      4.32000      2.86000
      4.32200      2.82000
      4.32800      2.90000
      4.33400      2.79000
      4.33600      2.77000
      4.33800      2.75000
      4.34000      2.73000
      4.34200      2.71000
      4.35400      2.69000
      4.35600      2.67000
      4.35800      2.64000
      4.36000      2.62000
      4.36200      2.58000
      4.36400      2.55000
      4.37000      2.46000
      4.37600      2.52000
      4.37800      2.49000
      4.38200      2.44000
      4.38400      2.42000
      4.39000      2.36000
      4.39600      2.40000
      4.39800      2.38000
      4.40200      2.35000
      4.40400      2.33000
      4.40600      2.31000
      4.41000      2.27000
      4.41800      2.29000
      4.42200      2.24000
      4.42400      2.22000
      4.42600      2.20000
      4.43000      2.17000
      4.43200      2.16000
      4.43800      2.18000
      4.44400      2.16000
      4.44600      2.15000
      4.45000      2.15000
      4.45200      2.14000
      4.45800      2.15000
      4.46400      2.13000
      4.46600      2.12000
      4.47000      2.10000
      4.47200      2.09000
      4.47800      2.11000
      4.48400      2.08000
      4.48600      2.08000
      4.48800      2.08000
      4.49000      2.09000
      4.49200      2.09000
      4.50400      2.10000
      4.50600      2.11000
      4.50800      2.12000
      4.51000      2.13000
      4.51200      2.14000
      4.52400      2.15000
      4.52600      2.16000
      4.52800      2.17000
      4.53000      2.19000
      4.53200      2.20000
      4.54400      2.22000
      4.54600      2.24000
      4.54800      2.25000
      4.55000      2.27000
      4.55200      2.28000
      4.56400      2.30000
      4.56600      2.32000
      4.56800      2.34000
      4.57000      2.37000
      4.57200      2.40000
      4.58400      2.43000
      4.58600      2.46000
      4.58800      2.50000
      4.59000      2.53000
      4.59200      2.57000
      4.60400      2.60000
      4.60600      2.64000
      4.60800      2.68000
      4.61000      2.73000
      4.61200      2.77000
      4.62400      2.82000
      4.62600      2.87000
      4.62800      2.92000
      4.63000      2.96000
      4.63200      3.01000
      4.64400      3.05000
      4.64600      3.10000
      4.65000      3.19000
      4.65200      3.23000
      4.65800      3.14000
      4.66400      3.28000
      4.66600      3.33000
      4.67000      3.44000
      4.67200      3.49000
      4.67800      3.38000
      4.68400      3.55000
      4.68600      3.61000
      4.69000      3.73000
      4.69800      3.67000
      4.70200      3.78000
      4.70400      3.84000
      4.70600      3.90000
      4.71000      4.02000
      4.71800      3.96000
      4.72200      4.08000
      4.72400      4.14000
      4.73000      4.31000
      4.73600      4.20000
      4.73800      4.26000
      4.74200      4.37000
      4.74400      4.43000
      4.75600      4.49000
      4.75800      4.56000
      4.76000      4.62000
      4.76200      4.68000
      4.76400      4.74000
      4.77600      4.79000
      4.77800      4.85000
      4.78000      4.90000
      4.78200      4.95000
      4.79400      5.00000
      4.79600      5.05000
      4.80000      5.15000
      4.80200      5.21000
      4.80800      5.10000
      4.81400      5.26000
      4.81600      5.32000
      4.82000      5.43000
      4.82800      5.38000
      4.83200      5.49000
      4.83400      5.54000
      4.84600      5.59000
      4.84800      5.64000
      4.85000      5.69000
      4.85200      5.74000
      4.85400      5.78000
      4.86600      5.83000
      4.86800      5.87000
      4.87000      5.92000
      4.87200      5.97000
      4.88400      6.01000
      4.88600      6.06000
      4.89000      6.16000
      4.89800      6.11000
      4.90200      6.20000
      4.90400      6.24000
      4.90600      6.28000
      4.91000      6.35000
      4.91800      6.31000
      4.92200      6.38000
      4.92400      6.42000
      4.93600      6.45000
      4.93800      6.49000
      4.94000      6.52000
      4.94200      6.56000
      4.95400      6.59000
      4.95600      6.61000
      4.96000      6.67000
      4.96800      6.64000
      4.97200      6.70000
      4.97400      6.72000
      4.98000      6.80000
      4.98600      6.75000
      4.98800      6.78000
      4.99200      6.83000
      4.99400      6.85000
      5.00600      6.87000
      5.00800      6.88000
      5.01000      6.89000
      5.01200      6.90000
      5.02400      6.91000
      5.02600      6.92000
      5.03000      6.94000
      5.03800      6.93000
      5.04200      6.95000
      5.04400      6.96000
      5.05600      6.98000
      5.05800      6.99000
      5.06000      6.99000
      5.06200      6.99000
      5.07400      6.99000
      5.07600      6.98000
      5.08000      6.95000
      5.08800      6.97000
      5.09200      6.94000
      5.09400      6.93000
      5.10600      6.92000
      5.10800      6.91000
      5.11000      6.90000
      5.11200      6.89000
      5.12400      6.87000
      5.12600      6.85000
      5.13000      6.79000
      5.13800      6.82000
      5.14200      6.76000
      5.14400      6.73000
      5.15600      6.71000
      5.15800      6.68000
      5.16000      6.66000
      5.16200      6.63000
      5.17400      6.61000
      5.17600      6.58000
      5.18000      6.51000
      5.18800      6.55000
      5.19200      6.47000
      5.19400      6.43000
      5.20600      6.39000
      5.20800      6.35000
      5.21000      6.31000
      5.22200      6.28000
      5.22400      6.24000
      5.23600      6.21000
      5.23800      6.17000
      5.24000      6.14000
      5.24200      6.10000
      5.25400      6.06000
      5.25600      6.01000
      5.26000      5.92000
      5.26800      5.97000
      5.27200      5.87000
      5.27400      5.81000
      5.28600      5.76000
      5.28800      5.70000
      5.29000      5.65000
      5.30200      5.60000
      5.30400      5.56000
      5.31600      5.52000
      5.31800      5.47000
      5.32000      5.43000
      5.32200      5.38000
      5.33400      5.33000
      5.33600      5.26000
      5.34000      5.12000
      5.34800      5.19000
      5.35200      5.05000
      5.36400      4.99000
      5.36600      4.94000
      5.37000      4.86000
      5.37800      4.90000
      5.38200      4.83000
      5.38400      4.79000
      5.39600      4.75000
      5.39800      4.70000
      5.40000      4.65000
      5.41200      4.59000
      5.41400      4.52000
      5.42600      4.47000
      5.42800      4.41000
      5.43000      4.36000
      5.43200      4.31000
      5.44400      4.26000
      5.45600      4.21000
      5.45800      4.16000
      5.46000      4.10000
      5.46200      4.05000
      5.47400      3.99000
      5.47600      3.94000
      5.48800      3.90000
      5.49000      3.86000
      5.49200      3.82000
      5.50400      3.77000
      5.50600      3.73000
      5.51800      3.68000
      5.52000      3.63000
      5.52200      3.57000
      5.53400      3.52000
      5.53600      3.46000
      5.54000      3.35000
      5.54800      3.40000
      5.55200      3.28000
      5.56400      3.22000
      5.56600      3.16000
      5.57000      3.06000
      5.57800      3.10000
      5.58200      3.01000
      5.59400      2.98000
      5.59600      2.95000
      5.60000      2.88000
      5.60800      2.92000
      5.61200      2.83000
      5.62400      2.77000
      5.62600      2.71000
      5.63000      2.57000
      5.63800      2.64000
      5.64200      2.50000
      5.65400      2.45000
      5.65600      2.40000
      5.66800      2.36000
      5.67000      2.33000
      5.67200      2.29000
      5.68400      2.26000
      5.68600      2.22000
      5.69800      2.18000
      5.70000      2.14000
      5.70200      2.10000
      5.71400      2.05000
      5.72600      2.01000
      5.72800      1.97000
      5.73000      1.93000
      5.73200      1.88000
      5.74400      1.84000
      5.75600      1.79000
      5.75800      1.74000
      5.76000      1.70000
      5.77200      1.67000
      5.77400      1.64000
      5.78600      1.62000
      5.79000      1.57000
      5.79800      1.60000
      5.80200      1.55000
      5.81400      1.52000
      5.81600      1.48000
      5.82000      1.43000
      5.82800      1.45000
      5.83200      1.40000
      5.84400      1.39000
      5.84600      1.36000
      5.85800      1.34000
      5.86000      1.31000
      5.86200      1.27000
      5.87400      1.23000
      5.88600      1.19000
      5.88800      1.16000
      5.89000      1.13000
      5.90200      1.11000
      5.90400      1.10000
      5.91600      1.09000
      5.92000      1.06000
      5.92800      1.08000
      5.93200      1.05000
      5.94400      1.04000
      5.95600      1.03000
      5.95800      1.02000
      5.96000      1.01000
      5.97200      1.01000
      5.97400      1.00000
      5.98600      1.00000
      5.99000      1.00000
      5.99800      1.00000
      6.00200      1.00000
      6.01400      1.00000
      6.01600     0.990000
      6.02800     0.970000
      6.03000     0.950000
      6.04200     0.920000
      6.04400     0.900000
      6.05600     0.880000
      6.06000     0.860000
      6.06800     0.860000
      6.07200     0.860000
      6.08400     0.870000
      6.08600     0.880000
      6.09800     0.900000
      6.10000     0.910000
      6.11200     0.930000
      6.11400     0.940000
      6.12600     0.960000
      6.13800     0.970000
      6.14000     0.980000
      6.14200     0.980000
      6.15400     0.980000
      6.16600     0.980000
      6.16800     0.980000
      6.17000     0.970000
      6.18200     0.960000
      6.19400     0.960000
      6.19600     0.960000
      6.20800     0.960000
      6.21000     0.960000
      6.22200     0.970000
      6.22400     0.980000
      6.23600     0.990000
      6.24800      1.00000
      6.25000      1.02000
      6.25200      1.03000
      6.26400      1.04000
      6.27600      1.05000
      6.28000      1.07000
      6.28800      1.06000
      6.29200      1.07000
      6.30400      1.07000
      6.31600      1.07000
      6.31800      1.06000
      6.32000      1.05000
      6.33200      1.05000
      6.34400      1.05000
      6.35600      1.05000
      6.35800      1.05000
      6.36000      1.06000
      6.37200      1.06000
      6.38400      1.06000
      6.38600      1.05000
      6.39800      1.04000
      6.40000      1.03000
      6.41200      1.01000
      6.42400      1.01000
      6.42600      1.01000
      6.43800      1.02000
      6.44000      1.03000
      6.45200      1.05000
      6.46400      1.06000
      6.46600      1.07000
      6.47800      1.08000
      6.48000      1.08000
      6.49200      1.09000
      6.50400      1.11000
      6.50600      1.12000
      6.51800      1.15000
      6.52000      1.17000
      6.53200      1.19000
      6.54400      1.20000
      6.55600      1.21000
      6.55800      1.21000
      6.56000      1.21000
      6.57200      1.20000
      6.58400      1.19000
      6.59600      1.18000
      6.60000      1.16000
      6.60800      1.17000
      6.61200      1.15000
      6.62400      1.15000
      6.63600      1.15000
      6.64800      1.16000
      6.65000      1.17000
      6.65200      1.19000
      6.66400      1.22000
      6.67600      1.24000
      6.68800      1.27000
      6.69000      1.29000
      6.70200      1.30000
      6.71400      1.32000
      6.72600      1.33000
      6.72800      1.34000
      6.73000      1.35000
      6.74200      1.36000
      6.75400      1.36000
      6.76600      1.36000
      6.77800      1.35000
      6.78000      1.35000
      6.79200      1.34000
      6.79400      1.34000
      6.80600      1.34000
      6.81800      1.34000
      6.82000      1.35000
      6.83200      1.35000
      6.84400      1.35000
      6.85600      1.36000
      6.86800      1.36000
      6.87000      1.36000
      6.88200      1.37000
      6.88400      1.39000
      6.89600      1.41000
      6.90800      1.43000
      6.91000      1.45000
      6.92200      1.47000
      6.93400      1.48000
      6.94600      1.49000
      6.95800      1.49000
      6.96000      1.49000
      6.97200      1.49000
      6.98400      1.48000
      6.99600      1.48000
      7.00800      1.48000
      7.01000      1.47000
      7.02200      1.47000
      7.02400      1.47000
      7.03600      1.47000
      7.04800      1.48000
      7.05000      1.49000
      7.06200      1.51000
      7.07400      1.53000
      7.08600      1.55000
      7.09800      1.57000
      7.10000      1.58000
      7.11200      1.58000
      7.12400      1.58000
      7.13600      1.58000
      7.14800      1.57000
      7.15000      1.57000
      7.16200      1.57000
      7.17400      1.58000
      7.18600      1.59000
      7.19800      1.61000
      7.20000      1.63000
      7.21200      1.66000
      7.22400      1.68000
      7.23600      1.70000
      7.24800      1.72000
      7.25000      1.73000
      7.26200      1.73000
      7.27400      1.73000
      7.28600      1.74000
      7.29800      1.74000
      7.30000      1.74000
      7.31200      1.75000
      7.32400      1.76000
      7.33600      1.78000
      7.34800      1.80000
      7.35000      1.82000
      7.36200      1.85000
      7.37400      1.87000
      7.38600      1.89000
      7.40800      1.91000
      7.41000      1.92000
      7.42200      1.93000
      7.43400      1.93000
      7.44600      1.94000
      7.45800      1.95000
      7.46000      1.96000
      7.47200      1.97000
      7.48400      1.99000
      7.49600      2.00000
      7.50800      2.01000
      7.51000      2.02000
      7.52200      2.03000
      7.54400      2.04000
      7.55600      2.05000
      7.56800      2.06000
      7.57000      2.08000
      7.58200      2.10000
      7.59400      2.13000
      7.60600      2.15000
      7.61800      2.17000
      7.62000      2.19000
      7.63200      2.19000
      7.65400      2.20000
      7.66600      2.20000
      7.67800      2.20000
      7.68000      2.20000
      7.69200      2.20000
      7.70400      2.21000
      7.71600      2.22000
      7.73800      2.23000
      7.74000      2.25000
      7.75200      2.26000
      7.76400      2.28000
      7.77600      2.30000
      7.78800      2.31000
      7.80000      2.33000
      7.81200      2.34000
      7.82400      2.36000
      7.83600      2.37000
      7.84800      2.38000
      7.85000      2.39000
      7.87200      2.39000
      7.88400      2.40000
      7.89600      2.40000
      7.90800      2.41000
      7.91000      2.42000
      7.93200      2.43000
      7.94400      2.45000
      7.95600      2.46000
      7.96800      2.47000
      7.98000      2.48000
      7.99200      2.48000
      8.00400      2.49000
      8.01600      2.49000
      8.03800      2.49000
      8.04000      2.50000
      8.05200      2.50000
      8.06400      2.51000
      8.08600      2.52000
      8.09800      2.52000
      8.10000      2.53000
      8.11200      2.54000
      8.13400      2.55000
      8.14600      2.55000
      8.15800      2.56000
      8.16000      2.57000
      8.18200      2.57000
      8.19400      2.57000
      8.20600      2.57000
      8.22800      2.57000
      8.23000      2.57000
      8.24200      2.57000
      8.26400      2.57000
      8.27600      2.57000
      8.28800      2.58000
      8.29000      2.58000
      8.31200      2.58000
      8.32400      2.58000
      8.33600      2.58000
      8.35800      2.57000
      8.36000      2.57000
      8.38200      2.56000
      8.39400      2.56000
      8.40600      2.55000
      8.42800      2.56000
      8.43000      2.56000
      8.44200      2.56000
      8.46400      2.56000
      8.47600      2.56000
      8.48800      2.56000
      8.50000      2.56000
      8.51200      2.55000
      8.53400      2.55000
      8.54600      2.55000
      8.55800      2.55000
      8.57000      2.54000
      8.58200      2.54000
      8.60400      2.53000
      8.61600      2.52000
      8.63800      2.50000
      8.64000      2.48000
      8.65200      2.47000
      8.67400      2.45000
      8.68600      2.44000
      8.70800      2.44000
      8.71000      2.44000
      8.73200      2.44000
      8.74400      2.44000
      8.76600      2.45000
      8.77800      2.45000
      8.79000      2.45000
      8.80200      2.45000
      8.82400      2.44000
      8.83600      2.43000
      8.85800      2.41000
      8.86000      2.39000
      8.88200      2.38000
      8.89400      2.36000
      8.91600      2.35000
      8.92800      2.34000
      8.94000      2.33000
      8.95200      2.32000
      8.97400      2.32000
      8.98600      2.32000
      9.00800      2.31000
      9.02000      2.31000
      9.03200      2.31000
      9.05400      2.31000
      9.06600      2.30000
      9.08800      2.30000
      9.10000      2.29000
      9.11200      2.29000
      9.13400      2.29000
      9.14600      2.29000
      9.16800      2.29000
      9.18000      2.30000
      9.19200      2.30000
      9.21400      2.31000
      9.22600      2.33000
      9.24800      2.34000
      9.26000      2.36000
      9.27200      2.38000
      9.29400      2.39000
      9.31600      2.40000
      9.32800      2.41000
      9.34000      2.41000
      9.36200      2.42000
      9.37400      2.42000
      9.39600      2.42000
      9.41800      2.43000
      9.43000      2.45000
      9.44200      2.48000
      9.46400      2.51000
      9.48600      2.55000
      9.49800      2.59000
      9.51000      2.63000
      9.53200      2.67000
      9.55400      2.71000
      9.56600      2.74000
      9.58800      2.77000
      9.60000      2.79000
      9.62200      2.80000
      9.64400      2.79000
      9.65600      2.78000
      9.67800      2.76000
      9.69000      2.73000
      9.71200      2.70000
      9.73400      2.67000
      9.74600      2.65000
      9.76800      2.62000
      9.78000      2.58000
      9.80200      2.54000
      9.82400      2.50000
      9.84600      2.44000
      9.86800      2.39000
      9.87000      2.33000
      9.89200      2.28000
      9.91400      2.23000
      9.93600      2.17000
      9.95800      2.12000
      9.97000      2.06000
      9.99200      2.00000
      10.0140      1.93000
      10.0360      1.86000
      10.0580      1.79000
      10.0700      1.71000
      10.0920      1.65000
      10.1140      1.58000
      10.1360      1.52000
      10.1580      1.47000
      10.1700      1.41000
      10.1820      1.36000
      10.2140      1.31000
      10.2360      1.26000
      10.2580      1.21000
      10.2700      1.15000
      10.2920      1.10000
      10.3140      1.04000
      10.3360     0.990000
      10.3580     0.930000
      10.3700     0.880000
      10.3920     0.830000
      10.4140     0.780000
      10.4360     0.740000
      10.4580     0.710000
      10.4700     0.690000
      10.4920     0.670000
      10.5240     0.660000
      10.5460     0.650000
      10.5680     0.640000
      10.5800     0.640000
      10.6020     0.630000
      10.6240     0.620000
      10.6560     0.610000
      10.6780     0.600000
      10.6900     0.580000
      10.7120     0.570000
      10.7340     0.560000
      10.7660     0.560000
      10.7880     0.560000
      10.8000     0.560000
      10.8220     0.570000
      10.8540     0.580000
      10.8760     0.590000
      10.8980     0.600000
      10.9100     0.610000
      10.9420     0.620000
      10.9640     0.630000
      10.9860     0.640000
      11.0180     0.650000
      11.0300     0.670000
      11.0520     0.680000
      11.0840     0.690000
      11.1060     0.700000
      11.1280     0.710000
      11.1500     0.720000
      11.1720     0.720000
      11.2040     0.720000
      11.2260     0.720000
      11.2580     0.710000
      11.2700     0.710000
      11.2920     0.710000
      11.3240     0.710000
      11.3460     0.710000
      11.3780     0.720000
      11.3900     0.730000
      11.4220     0.740000
      11.4440     0.750000
      11.4760     0.770000
      11.4980     0.770000
      11.5200     0.780000
      11.5520     0.780000
      11.5740     0.790000
      11.6060     0.800000
      11.6280     0.810000
      11.6500     0.820000
      11.6820     0.830000
      11.7040     0.850000
      11.7360     0.860000
      11.7680     0.870000
      11.7800     0.880000
      11.8120     0.880000
      11.8440     0.880000
      11.8660     0.880000
      11.8980     0.870000
      11.9200     0.870000
      11.9520     0.880000
      11.9740     0.880000
      12.0060     0.890000
      12.0380     0.900000
      12.0600     0.900000
      12.0820     0.910000
      12.1140     0.920000
      12.1460     0.920000
      12.1780     0.930000
      12.2000     0.940000
      12.2320     0.950000
      12.2640     0.960000
      12.2860     0.970000
      12.3180     0.980000
      12.3400     0.990000
      12.3720      1.00000
      12.4040      1.00000
      12.4360      1.00000
      12.4680     0.990000
      12.4900     0.990000
      12.5220     0.990000
      12.5540     0.990000
      12.5860      1.00000
      12.6180      1.01000
      12.6400      1.02000
      12.6820      1.03000
      12.7140      1.04000
      12.7460      1.05000
      12.7780      1.05000
      12.8000      1.05000
      12.8320      1.05000
      12.8640      1.06000
      12.9060      1.07000
      12.9380      1.09000
      12.9600      1.11000
      12.9920      1.12000
      13.0340      1.14000
      13.0660      1.14000
      13.0980      1.14000
      13.1200      1.13000
      13.1620      1.11000
      13.1940      1.10000
      13.2260      1.08000
      13.2680      1.08000
      13.2900      1.08000
      13.3320      1.09000
      13.3640      1.10000
      13.4060      1.12000
      13.4380      1.13000
      13.4700      1.14000
      13.5020      1.15000
      13.5440      1.16000
      13.5760      1.17000
      13.6180      1.17000
      13.6400      1.18000
      13.6820      1.18000
      13.7140      1.18000
      13.7560      1.18000
      13.7980      1.18000
      13.8200      1.19000
      13.8620      1.20000
      13.9040      1.22000
      13.9460      1.24000
      13.9780      1.25000
      14.0100      1.26000
