     0.302000      2.95820
     0.304000      2.97590
     0.306000      2.99350
     0.308000      3.01120
     0.310000      3.02880
     0.312000      3.04650
     0.314000      3.06410
     0.316000      3.08180
     0.318000      3.09940
     0.320000      3.11710
     0.322000      3.13470
     0.324000      3.15230
     0.326000      3.17000
     0.328000      3.18770
     0.330000      3.20530
     0.332000      3.22290
     0.334000      3.24060
     0.336000      3.25820
     0.338000      3.27590
     0.340000      3.29350
     0.342000      3.31120
     0.344000      3.32880
     0.346000      3.34650
     0.348000      3.36410
     0.350000      3.38180
     0.352000      3.39940
     0.354000      3.41710
     0.356000      3.43470
     0.358000      3.45240
     0.360000      3.47000
     0.362000      3.48760
     0.364000      3.50530
     0.366000      3.52290
     0.368000      3.54060
     0.370000      3.55820
     0.372000      3.57590
     0.374000      3.59350
     0.376000      3.61120
     0.378000      3.62880
     0.380000      3.64650
     0.382000      3.66410
     0.384000      3.68180
     0.386000      3.69940
     0.388000      3.71710
     0.390000      3.73470
     0.392000      3.75240
     0.394000      3.77000
     0.396000      3.78760
     0.398000      3.80530
     0.400000      3.82290
     0.402000      3.84060
     0.404000      3.85330
     0.406000      3.86200
     0.408000      3.87730
     0.410000      3.88870
     0.412000      3.89450
     0.414000      3.90640
     0.416000      3.92330
     0.418000      3.92980
     0.420000      3.93970
     0.422000      3.95300
     0.424000      3.97140
     0.426000      3.97940
     0.428000      3.98640
     0.430000      4.01400
     0.432000      4.01430
     0.434000      4.02900
     0.436000      4.03210
     0.438000      4.04950
     0.440000      4.05970
     0.442000      4.06980
     0.444000      4.07860
     0.446000      4.09260
     0.448000      4.10720
     0.450000      4.11940
     0.452000      4.12940
     0.454000      4.13620
     0.456000      4.14870
     0.458000      4.16290
     0.460000      4.17900
     0.462000      4.18900
     0.464000      4.19960
     0.466000      4.20630
     0.468000      4.21850
     0.470000      4.23270
     0.472000      4.24350
     0.474000      4.25970
     0.476000      4.26740
     0.478000      4.27680
     0.480000      4.28940
     0.482000      4.30550
     0.484000      4.31000
     0.486000      4.32680
     0.488000      4.33480
     0.490000      4.34850
     0.492000      4.36050
     0.494000      4.37060
     0.496000      4.39900
     0.498000      4.45950
     0.500000      4.54120
     0.502000      4.64440
     0.504000      4.76340
     0.506000      4.88930
     0.508000      5.07190
     0.510000      5.33140
     0.512000      5.61750
     0.514000      5.91420
     0.516000      6.28040
     0.518000      6.71000
     0.520000      7.11830
     0.522000      7.53860
     0.524000      8.02560
     0.526000      8.49490
     0.528000      8.90230
     0.530000      9.29140
     0.532000      9.66960
     0.534000      9.95350
     0.536000      10.1690
     0.538000      10.3530
     0.540000      10.5280
     0.542000      10.6800
     0.544000      10.8110
     0.546000      10.9120
     0.548000      10.9800
     0.550000      11.0220
     0.552000      11.0640
     0.554000      11.1100
     0.556000      11.1230
     0.558000      11.0760
     0.560000      10.9750
     0.562000      10.8430
     0.564000      10.6820
     0.566000      10.5070
     0.568000      10.2900
     0.570000      10.0240
     0.572000      9.73020
     0.574000      9.46140
     0.576000      9.18710
     0.578000      8.90300
     0.580000      8.69630
     0.582000      8.53060
     0.584000      8.36360
     0.586000      8.19220
     0.588000      8.02570
     0.590000      7.88330
     0.592000      7.76500
     0.594000      7.67320
     0.596000      7.59290
     0.598000      7.53850
     0.600000      7.49010
     0.602000      7.42730
     0.604000      7.35430
     0.606000      7.28150
     0.608000      7.20920
     0.610000      7.12350
     0.612000      7.03510
     0.614000      6.93800
     0.616000      6.82760
     0.618000      6.70680
     0.620000      6.59170
     0.622000      6.49500
     0.624000      6.42160
     0.626000      6.36980
     0.628000      6.32760
     0.630000      6.29040
     0.632000      6.25380
     0.634000      6.20750
     0.636000      6.14600
     0.638000      6.05920
     0.640000      5.95000
     0.642000      5.82020
     0.644000      5.67050
     0.646000      5.51170
     0.648000      5.35600
     0.650000      5.21200
     0.652000      5.10950
     0.654000      5.04600
     0.656000      4.99450
     0.658000      4.93670
     0.660000      4.87200
     0.662000      4.79270
     0.664000      4.71200
     0.666000      4.64740
     0.668000      4.57100
     0.670000      4.50800
     0.672000      4.47400
     0.674000      4.45480
     0.676000      4.43700
     0.678000      4.44250
     0.680000      4.48900
     0.682000      4.60930
     0.684000      4.79900
     0.686000      5.02420
     0.688000      5.27820
     0.690000      5.62440
     0.692000      6.18720
     0.694000      6.94040
     0.696000      7.77360
     0.698000      8.72530
     0.700000      9.86820
     0.702000      11.0990
     0.704000      12.4900
     0.706000      14.1130
     0.708000      15.6740
     0.710000      17.1970
     0.712000      18.6750
     0.714000      20.2430
     0.716000      21.7930
     0.718000      23.3760
     0.720000      25.0360
     0.722000      26.6320
     0.724000      28.4170
     0.726000      30.1190
     0.728000      31.7090
     0.730000      33.2830
     0.732000      34.9140
     0.734000      36.3040
     0.736000      37.5500
     0.738000      38.7740
     0.740000      39.9140
     0.742000      41.0460
     0.744000      42.1190
     0.746000      42.9540
     0.748000      43.6950
     0.750000      44.3850
     0.752000      44.9580
     0.754000      45.4190
     0.756000      45.8020
     0.758000      46.1110
     0.760000      46.3230
     0.762000      46.5300
     0.764000      46.7480
     0.766000      46.9660
     0.768000      47.1510
     0.770000      47.2910
     0.772000      47.3870
     0.774000      47.4930
     0.776000      47.5730
     0.778000      47.6100
     0.780000      47.6520
     0.782000      47.7230
     0.784000      47.7980
     0.786000      47.8800
     0.788000      47.9600
     0.790000      48.0160
     0.792000      48.0670
     0.794000      48.1470
     0.796000      48.2450
     0.798000      48.3470
     0.800000      48.4320
     0.820000      48.9090
     0.840000      49.3660
     0.860000      49.9740
     0.880000      50.4200
     0.900000      50.7900
     0.920000      51.0610
     0.940000      50.7440
     0.960000      49.7420
     0.980000      49.5160
      1.00000      50.1150
      1.02000      50.9450
      1.04000      51.8130
      1.06000      52.4870
      1.08000      52.4110
      1.10000      52.2430
      1.12000      51.8590
      1.14000      50.3720
      1.16000      47.8960
      1.18000      46.5240
      1.20000      46.6880
      1.22000      47.6350
      1.24000      48.8120
      1.26000      48.9220
      1.28000      48.5810
      1.30000      47.6400
      1.32000      45.3590
      1.34000      41.9000
      1.36000      38.9550
      1.38000      32.8010
      1.40000      23.0550
      1.42000      16.8140
      1.44000      14.9750
      1.46000      14.6480
      1.48000      15.8320
      1.50000      17.9800
      1.52000      20.6170
      1.54000      23.1500
      1.56000      25.3810
      1.58000      27.6550
      1.60000      29.2850
      1.62000      30.6740
      1.64000      31.8080
      1.66000      32.2570
      1.68000      32.5790
      1.70000      32.3320
      1.72000      31.5010
      1.74000      30.4800
      1.76000      28.7740
      1.78000      27.7680
      1.80000      27.6500
      1.82000      27.1270
      1.84000      25.8530
      1.86000      21.6050
      1.88000      13.2580
      1.90000      7.28790
      1.92000      5.16580
      1.94000      5.05540
      1.96000      5.55390
      1.98000      6.52240
      2.00000      7.39720
      2.02000      8.74690
      2.04000      9.71520
      2.06000      10.8980
      2.08000      12.3150
      2.10000      13.6240
      2.12000      14.8810
      2.14000      15.7600
      2.16000      16.4310
      2.18000      16.9020
      2.20000      17.0900
      2.22000      17.3870
      2.24000      17.0910
      2.26000      16.3560
      2.28000      15.5720
      2.30000      14.6090
      2.32000      13.3890
      2.34000      12.3820
      2.36000      11.7040
      2.38000      10.6180
      2.40000      9.71250
      2.42000      8.75300
      2.44000      7.95550
      2.46000      6.79070
      2.48000      6.23600
      2.50000      6.22970
      2.52000      6.00590
      2.54000      5.78210
      2.56000      5.55830
      2.58000      5.33450
      2.60000      5.11070
      2.62000      4.88690
      2.64000      4.66310
      2.66000      4.43930
      2.68000      4.21550
      2.70000      3.99170
      2.72000      3.76790
      2.74000      3.54410
      2.76000      3.32030
      2.78000      3.09650
      2.80000      2.87270
      2.82000      2.64890
      2.84000      2.42510
      2.86000      2.20130
      2.88000      1.97750
      2.90000      1.75370
      2.92000      1.52990
      2.94000      1.30610
      2.96000      1.08230
      2.98000     0.858500
      3.00000     0.877900
      3.02000     0.857300
      3.04000     0.859400
      3.06000     0.888500
      3.08000     0.891800
      3.10000     0.902600
      3.12000     0.919500
      3.14000     0.903800
      3.16000     0.937000
      3.18000     0.961600
      3.20000     0.963900
      3.22000     0.981000
      3.24000     0.972800
      3.26000     0.978300
      3.28000     0.978400
      3.30000     0.973100
      3.32000     0.969600
      3.34000     0.981800
      3.36000      1.03290
      3.38000      1.45570
      3.40000      1.44610
      3.42000      1.30080
      3.44000      1.18800
      3.46000      1.22740
      3.48000      1.51770
      3.50000      1.35530
      3.52000      1.37450
      3.54000      1.37670
      3.56000      1.38870
      3.58000      1.41490
      3.60000      1.43650
      3.62000      1.47420
      3.64000      1.48340
      3.66000      1.53050
      3.68000      1.55460
      3.70000      1.58980
      3.72000      1.64560
      3.74000      1.67740
      3.76000      1.73900
      3.78000      1.75300
      3.80000      1.77660
      3.82000      1.79890
      3.84000      1.81400
      3.86000      1.81170
      3.88000      1.81140
      3.90000      1.81130
      3.92000      1.81500
      3.94000      1.78960
      3.96000      1.78930
      3.98000      1.79260
      4.00000      1.78150
      4.02000      1.78310
      4.04000      1.77570
      4.06000      1.76740
      4.08000      1.74670
      4.10000      1.73820
      4.12000      1.72630
      4.14000      1.68810
      4.16000      1.69230
      4.18000      1.63670
      4.20000      1.61000
      4.22000      1.61610
      4.24000      1.58780
      4.26000      1.57350
      4.28000      1.54460
      4.30000      1.53430
      4.32000      1.51780
      4.34000      1.50390
      4.36000      1.46630
      4.38000      1.45430
      4.40000      1.43530
      4.42000      1.42040
      4.44000      1.40620
      4.46000      1.39290
      4.48000      1.36740
      4.50000      1.35470
      4.52000      1.34150
      4.54000      1.33190
      4.56000      1.29200
      4.58000      1.31110
      4.60000      1.30090
      4.62000      1.28740
      4.64000      1.29720
      4.66000      1.28300
      4.68000      1.28230
      4.70000      1.28990
      4.72000      1.29430
      4.74000      1.29780
      4.76000      1.29680
      4.78000      1.30320
      4.80000      1.29430
      4.82000      1.30100
      4.84000      1.31670
      4.86000      1.30850
      4.88000      1.33150
      4.90000      1.33440
      4.92000      1.35040
      4.94000      1.35670
      4.96000      1.35720
      4.98000      1.41740
      5.00000      1.45460
      5.10000      1.44880
      5.20000      1.40770
      5.30000      1.32480
      5.40000      1.18030
      5.50000     0.970500
      5.60000     0.987500
      5.70000     0.876700
      5.80000     0.818100
      5.90000     0.806700
      6.00000     0.866600
      6.10000     0.906200
      6.20000     0.872300
      6.30000     0.814400
      6.40000     0.823200
      6.50000     0.819600
      6.60000     0.806200
      6.70000     0.776000
      6.80000     0.739900
      6.90000     0.744200
      7.00000     0.709600
      7.10000     0.673100
      7.20000     0.667200
      7.30000     0.638900
      7.40000     0.606400
      7.50000     0.645300
      7.60000     0.608600
      7.70000     0.629100
      7.80000     0.715800
      7.90000     0.825900
      8.00000     0.887100
      8.10000     0.966600
      8.20000      1.03290
      8.30000      1.09200
      8.40000      1.20230
      8.50000      1.33600
      8.60000      1.49590
      8.70000      1.86720
      8.80000      2.47780
      8.90000      3.06660
      9.00000      3.24840
      9.10000      3.21410
      9.20000      3.05870
      9.30000      2.92030
      9.40000      2.88500
      9.50000      2.77070
      9.60000      2.54890
      9.70000      2.26840
      9.80000      2.03890
      9.90000      1.96510
      10.0000      1.99740
      10.1000      2.00790
      10.2000      2.08430
      10.3000      2.12490
      10.4000      2.10020
      10.5000      2.02280
      10.6000      1.93450
      10.7000      1.83850
      10.8000      1.72030
      10.9000      1.60090
      11.0000      1.61100
      11.1000      1.56530
      11.2000      1.49930
      11.3000      1.40830
      11.4000      1.33570
      11.5000      1.24670
      11.6000      1.17210
      11.7000      1.11820
      11.8000      1.10310
      11.9000      1.10480
      12.0000      1.08830
      12.1000      1.10760
      12.2000      1.16500
      12.3000      1.16640
      12.4000      1.19970
      12.5000      1.18170
      12.6000      1.18260
      12.7000      1.16510
      12.8000      1.14430
      12.9000      1.13510
      13.0000      1.07300
      13.1000      1.09200
      13.2000      1.08720
      13.3000      1.08050
      13.4000      1.09230
      13.5000      1.13470
      13.6000      1.13690
      13.7000      1.11430
      13.8000      1.13600
      13.9000      1.11360
      14.0000      1.04480
