      2.00030      62.8368
      2.00110      62.7468
      2.00190      62.7665
      2.00260      62.8826
      2.00340      62.7962
      2.00420      62.8540
      2.00500      62.9915
      2.00570      62.9044
      2.00650      62.9879
      2.00730      63.2418
      2.00810      63.1604
      2.00890      62.9500
      2.00960      62.9567
      2.01040      63.1208
      2.01120      63.2122
      2.01200      63.2964
      2.01280      63.3600
      2.01350      63.3304
      2.01430      63.3970
      2.01510      63.4619
      2.01590      63.3088
      2.01670      63.2406
      2.01740      63.2445
      2.01820      63.1501
      2.01900      63.2053
      2.01980      63.3886
      2.02060      63.5388
      2.02140      63.5350
      2.02220      63.4781
      2.02300      63.6134
      2.02370      63.6558
      2.02450      63.6315
      2.02530      63.5948
      2.02610      63.6386
      2.02690      63.6422
      2.02770      63.6378
      2.02850      63.7423
      2.02930      63.7909
      2.03010      63.7313
      2.03090      63.6011
      2.03170      63.6609
      2.03250      63.8182
      2.03330      63.8037
      2.03410      63.7299
      2.03490      63.8917
      2.03570      63.8981
      2.03650      63.8304
      2.03730      63.8514
      2.03810      63.9523
      2.03890      63.9677
      2.03970      63.9243
      2.04050      63.9700
      2.04130      64.0125
      2.04210      63.9421
      2.04290      63.9275
      2.04370      63.9535
      2.04450      64.0495
      2.04530      64.1643
      2.04610      64.1231
      2.04690      63.9443
      2.04770      63.7978
      2.04850      63.9984
      2.04930      64.0837
      2.05020      64.0113
      2.05100      63.9877
      2.05180      64.0387
      2.05260      64.1297
      2.05340      64.1718
      2.05420      64.1246
      2.05500      64.1066
      2.05580      64.0476
      2.05670      63.9503
      2.05750      63.9836
      2.05830      64.0343
      2.05910      64.1338
      2.05990      64.2322
      2.06070      64.0694
      2.06160      63.9721
      2.06240      64.1479
      2.06320      64.2325
      2.06400      64.2059
      2.06490      64.1181
      2.06570      64.0990
      2.06650      64.1721
      2.06730      64.1879
      2.06810      64.1062
      2.06900      64.1776
      2.06980      64.1762
      2.07060      64.1980
      2.07150      64.3145
      2.07230      64.1509
      2.07310      64.0353
      2.07390      64.1217
      2.07480      64.2913
      2.07560      64.3213
      2.07640      64.2907
      2.07730      64.3946
      2.07810      64.3637
      2.07890      64.4219
      2.07980      64.3694
      2.08060      64.1228
      2.08140      64.0248
      2.08230      64.0834
      2.08310      64.1775
      2.08390      64.0488
      2.08480      63.9158
      2.08560      64.1525
      2.08650      64.2678
      2.08730      64.1607
      2.08810      64.2379
      2.08900      64.2118
      2.08980      64.0186
      2.09070      63.9466
      2.09150      64.1689
      2.09240      64.2630
      2.09320      64.1451
      2.09400      64.1090
      2.09490      64.1641
      2.09570      64.1889
      2.09660      64.1139
      2.09740      64.1378
      2.09830      64.1336
      2.09910      64.1562
      2.10000      64.1616
      2.10080      64.0299
      2.10170      63.9460
      2.10250      63.9751
      2.10340      64.0056
      2.10420      64.1446
      2.10510      64.1270
      2.10590      63.9573
      2.10680      63.9537
      2.10770      63.9178
      2.10850      63.8609
      2.10940      63.9116
      2.11020      64.0051
      2.11110      64.0581
      2.11200      64.1139
      2.11280      64.2014
      2.11370      64.1377
      2.11450      63.9687
      2.11540      63.8544
      2.11630      63.9622
      2.11710      63.9658
      2.11800      63.8809
      2.11890      63.8577
      2.11970      63.7747
      2.12060      63.8270
      2.12150      63.8495
      2.12230      63.9244
      2.12320      63.9791
      2.12410      64.0117
      2.12490      63.9457
      2.12580      63.8801
      2.12670      63.8943
      2.12760      63.9628
      2.12840      63.9256
      2.12930      63.9889
      2.13020      64.0407
      2.13110      63.8969
      2.13190      63.7843
      2.13280      63.7263
      2.13370      63.8871
      2.13460      64.0516
      2.13540      63.9617
      2.13630      63.9289
      2.13720      64.0273
      2.13810      64.0416
      2.13900      63.9759
      2.13980      63.9063
      2.14070      63.9160
      2.14160      63.8678
      2.14250      63.7853
      2.14340      63.7103
      2.14430      63.6701
      2.14520      63.6509
      2.14600      63.6086
      2.14690      63.5570
      2.14780      63.4115
      2.14870      63.5151
      2.14960      63.6388
      2.15050      63.5265
      2.15140      63.3322
      2.15230      63.2128
      2.15320      63.2791
      2.15410      63.2902
      2.15500      63.2250
      2.15590      63.2066
      2.15680      63.2241
      2.15770      63.0476
      2.15860      62.9621
      2.15950      63.0641
      2.16040      63.1539
      2.16130      62.9779
      2.16220      62.7908
      2.16310      62.8304
      2.16400      63.0060
      2.16490      62.9509
      2.16580      62.8579
      2.16670      62.7943
      2.16760      62.8731
      2.16850      62.8070
      2.16940      62.6267
      2.17030      62.5949
      2.17120      62.5881
      2.17210      62.6306
      2.17300      62.6320
      2.17390      62.5569
      2.17490      62.4717
      2.17580      62.4709
      2.17670      62.4197
      2.17760      62.3672
      2.17850      62.3058
      2.17940      62.2047
      2.18030      62.1172
      2.18130      62.0652
      2.18220      62.1045
      2.18310      61.9563
      2.18400      61.7786
      2.18490      61.7236
      2.18590      61.5753
      2.18680      61.5858
      2.18770      61.6658
      2.18860      61.5859
      2.18950      61.5970
      2.19050      61.5588
      2.19140      61.3405
      2.19230      61.0936
      2.19330      61.0136
      2.19420      61.0090
      2.19510      60.9774
      2.19600      60.8984
      2.19700      60.7471
      2.19790      60.5155
      2.19880      60.4050
      2.19980      60.3869
      2.20070      60.1967
      2.20160      59.9824
      2.20260      59.7995
      2.20350      59.6165
      2.20440      59.3441
      2.20540      59.0624
      2.20630      58.8006
      2.20730      58.5793
      2.20820      58.4830
      2.20910      58.4202
      2.21010      58.4501
      2.21100      58.6558
      2.21200      58.7988
      2.21290      58.8862
      2.21390      58.9456
      2.21480      59.1337
      2.21570      59.2513
      2.21670      59.2553
      2.21760      59.2777
      2.21860      59.3565
      2.21950      59.5054
      2.22050      59.6117
      2.22140      59.5718
      2.22240      59.5437
      2.22330      59.6866
      2.22430      59.8053
      2.22530      59.7726
      2.22620      59.7667
      2.22720      59.8487
      2.22810      59.9396
      2.22910      60.0487
      2.23000      60.2209
      2.23100      60.4122
      2.23200      60.3968
      2.23290      60.3045
      2.23390      60.3315
      2.23480      60.4195
      2.23580      60.5001
      2.23680      60.4798
      2.23770      60.4609
      2.23870      60.4847
      2.23970      60.3940
      2.24060      60.3807
      2.24160      60.3977
      2.24260      60.2590
      2.24360      60.3142
      2.24450      60.3429
      2.24550      60.3769
      2.24650      60.4060
      2.24740      60.3670
      2.24840      60.4735
      2.24940      60.3706
      2.25040      60.2989
      2.25130      60.3769
      2.25230      60.2471
      2.25330      60.0759
      2.25430      60.2393
      2.25530      60.4889
      2.25620      60.4601
      2.25720      60.3886
      2.25820      60.4359
      2.25920      60.5535
      2.26020      60.6075
      2.26120      60.6113
      2.26210      60.6853
      2.26310      60.7570
      2.26410      60.7868
      2.26510      60.7643
      2.26610      60.7414
      2.26710      60.8241
      2.26810      60.8594
      2.26910      60.7929
      2.27010      60.7613
      2.27110      60.7602
      2.27210      60.8213
      2.27310      60.7590
      2.27410      60.7011
      2.27510      60.7784
      2.27610      60.6883
      2.27710      60.6220
      2.27810      60.7186
      2.27910      60.7004
      2.28010      60.7527
      2.28110      60.7581
      2.28210      60.6922
      2.28310      60.6008
      2.28410      60.5421
      2.28510      60.5418
      2.28610      60.5465
      2.28710      60.4503
      2.28810      60.3428
      2.28910      60.2303
      2.29010      60.3144
      2.29110      60.3355
      2.29220      60.1510
      2.29320      60.0504
      2.29420      60.0709
      2.29520      60.1433
      2.29620      60.1376
      2.29720      59.9918
      2.29820      59.9279
      2.29930      59.9078
      2.30030      59.7816
      2.30130      59.8049
      2.30230      59.8000
      2.30340      59.6269
      2.30440      59.5838
      2.30540      59.5193
      2.30640      59.4795
      2.30750      59.4040
      2.30850      59.3262
      2.30950      59.2990
      2.31050      59.1853
      2.31160      59.1867
      2.31260      59.1754
      2.31360      59.0537
      2.31470      59.0364
      2.31570      58.8147
      2.31670      58.7005
      2.31780      58.7214
      2.31880      58.7685
      2.31980      58.7460
      2.32090      58.6224
      2.32190      58.4851
      2.32300      58.3803
      2.32400      58.4276
      2.32500      58.5160
      2.32610      58.3824
      2.32710      58.0383
      2.32820      57.8587
      2.32920      57.9349
      2.33030      57.8351
      2.33130      57.7299
      2.33240      57.6147
      2.33340      57.5115
      2.33450      57.4747
      2.33550      57.3799
      2.33660      57.3361
      2.33760      57.2470
      2.33870      57.1657
      2.33970      56.9870
      2.34080      56.7791
      2.34180      56.7875
      2.34290      56.7828
      2.34400      56.8104
      2.34500      56.8898
      2.34610      56.8677
      2.34710      56.7804
      2.34820      56.7052
      2.34930      56.6739
      2.35030      56.5308
      2.35140      56.4869
      2.35250      56.5923
      2.35350      56.6157
      2.35460      56.6396
      2.35570      56.6553
      2.35670      56.6866
      2.35780      56.7359
      2.35890      56.6995
      2.36000      56.7306
      2.36100      56.8256
      2.36210      56.9341
      2.36320      57.0476
      2.36430      57.0788
      2.36530      57.0885
      2.36640      57.0840
      2.36750      57.0622
      2.36860      57.1255
      2.36970      57.2120
      2.37080      57.1880
      2.37180      57.1358
      2.37290      57.0618
      2.37400      57.0391
      2.37510      57.0350
      2.37620      57.0367
      2.37730      57.0049
      2.37840      57.0586
      2.37950      57.0193
      2.38060      56.9189
      2.38160      56.9348
      2.38270      56.9813
      2.38380      56.9866
      2.38490      56.9581
      2.38600      56.9881
      2.38710      57.0953
      2.38820      57.0788
      2.38930      56.9851
      2.39040      56.9244
      2.39150      57.0227
      2.39260      57.0712
      2.39370      56.9863
      2.39480      56.9118
      2.39600      56.8764
      2.39710      56.8567
      2.39820      56.8464
      2.39930      56.8714
      2.40040      56.9225
      2.40150      56.9203
      2.40260      56.8855
      2.40370      56.8779
      2.40480      56.8817
      2.40600      56.8448
      2.40710      56.7737
      2.40820      56.6916
      2.40930      56.6288
      2.41040      56.6075
      2.41160      56.6234
      2.41270      56.5581
      2.41380      56.4251
      2.41490      56.3732
      2.41610      56.3222
      2.41720      56.2708
      2.41830      56.1764
      2.41940      56.0312
      2.42060      56.0279
      2.42170      56.1312
      2.42280      56.0930
      2.42400      55.8594
      2.42510      55.8562
      2.42620      55.7775
      2.42740      55.6609
      2.42850      55.6140
      2.42960      55.5259
      2.43080      55.4130
      2.43190      55.2425
      2.43310      55.1793
      2.43420      55.1377
      2.43530      54.9813
      2.43650      54.8775
      2.43760      54.7825
      2.43880      54.8059
      2.43990      54.7952
      2.44110      54.6461
      2.44220      54.6175
      2.44340      54.5991
      2.44450      54.4769
      2.44570      54.4477
      2.44680      54.3658
      2.44800      54.1407
      2.44910      53.9963
      2.45030      53.9828
      2.45150      54.1142
      2.45260      54.2051
      2.45380      54.1024
      2.45490      53.9767
      2.45610      53.9113
      2.45730      53.7624
      2.45840      53.7194
      2.45960      53.7760
      2.46080      53.7730
      2.46190      53.6835
      2.46310      53.5515
      2.46430      53.5490
      2.46550      53.5786
      2.46660      53.5268
      2.46780      53.3459
      2.46900      53.2421
      2.47010      53.2680
      2.47130      53.3125
      2.47250      53.2792
      2.47370      53.0953
      2.47490      52.9453
      2.47600      52.9880
      2.47720      52.9470
      2.47840      52.8967
      2.47960      52.8830
      2.48080      52.7142
      2.48200      52.6487
      2.48320      52.5921
      2.48440      52.4985
      2.48550      52.4966
      2.48670      52.5623
      2.48790      52.5072
      2.48910      52.3791
      2.49030      52.2427
      2.49150      52.1768
      2.49270      52.1833
      2.49390      52.1831
      2.49510      52.2009
      2.49630      52.0738
      2.49750      51.9568
      2.49870      51.9713
      2.49990      52.0567
      2.50110      52.0900
      2.50230      52.0749
      2.50350      51.9918
      2.50480      51.9116
      2.50600      51.9150
      2.50720      51.9019
      2.50840      51.8693
      2.50960      51.7791
      2.51080      51.7514
      2.51200      51.7627
      2.51330      51.8176
      2.51450      51.7309
      2.51570      51.6729
      2.51690      51.6332
      2.51810      51.5796
      2.51940      51.4436
      2.52060      51.3368
      2.52180      51.3336
      2.52300      51.3779
      2.52430      51.3139
      2.52550      51.3374
      2.52670      51.3357
      2.52800      51.1093
      2.52920      51.0450
      2.53040      51.1184
      2.53170      51.1748
      2.53290      51.0948
      2.53410      51.0585
      2.53540      51.1208
      2.53660      51.0901
      2.53790      50.8588
      2.53910      50.7717
      2.54030      50.8761
      2.54160      51.1727
      2.54280      51.4421
      2.54410      51.2793
      2.54530      51.0854
      2.54660      51.1852
      2.54780      51.4576
      2.54910      51.4515
      2.55030      51.5602
      2.55160      51.8080
      2.55290      52.0696
      2.55410      51.7279
      2.55540      51.4347
      2.55660      51.4380
      2.55790      51.4849
      2.55920      51.6564
      2.56040      52.4032
      2.56170      53.0982
      2.56290      52.9743
      2.56420      52.7444
      2.56550      52.1512
      2.56680      51.5748
      2.56800      51.7573
      2.56930      52.4194
      2.57060      52.1549
      2.57180      51.9120
      2.57310      52.8153
      2.57440      52.3970
      2.57570      52.0048
      2.57700      52.2156
      2.57820      51.6659
      2.57950      51.3785
      2.58080      51.8190
      2.58210      51.9705
      2.58340      52.9233
      2.58470      52.7146
      2.58600      51.9369
      2.58720      52.3216
      2.58850      51.9527
      2.58980      51.5249
      2.59110      51.2681
      2.59240      51.6547
      2.59370      53.8383
      2.59500      55.5384
      2.59630      53.3205
      2.59760      51.3749
      2.59890      50.8087
      2.60020      50.9753
      2.60150      51.1814
      2.60280      51.3704
      2.60410      52.0752
      2.60540      53.0760
      2.60680      52.3148
      2.60810      51.4575
      2.60940      51.2400
      2.61070      50.8825
      2.61200      50.5356
      2.61330      50.5677
      2.61460      50.4803
      2.61600      51.6114
      2.61730      52.0479
      2.61860      51.1613
      2.61990      51.9322
      2.62130      51.3786
      2.62260      49.9293
      2.62390      49.7131
      2.62520      50.1743
      2.62660      51.0387
      2.62790      50.2263
      2.62920      50.4069
      2.63060      51.2702
      2.63190      50.1330
      2.63320      49.6229
      2.63460      49.4107
      2.63590      48.7764
      2.63730      48.6182
      2.63860      48.5034
      2.63990      48.4369
      2.64130      48.3620
      2.64260      48.1925
      2.64400      47.8950
      2.64530      48.1164
      2.64670      47.9093
      2.64800      47.3884
      2.64940      47.0076
      2.65070      47.1416
      2.65210      47.6440
      2.65350      47.3241
      2.65480      46.8646
      2.65620      46.5558
      2.65750      45.9511
      2.65890      46.1725
      2.66030      46.0055
      2.66160      45.6679
      2.66300      45.4393
      2.66440      46.4285
      2.66570      46.9868
      2.66710      46.2289
      2.66850      44.8750
      2.66980      45.6980
      2.67120      44.8424
      2.67260      42.3351
      2.67400      41.4942
      2.67540      41.5293
      2.67670      41.3437
      2.67810      40.2452
      2.67950      39.2366
      2.68090      37.4908
      2.68230      36.3409
      2.68370      35.4430
      2.68510      34.1335
      2.68640      32.7332
      2.68780      31.0106
      2.68920      29.1469
      2.69060      27.1354
      2.69200      25.2834
      2.69340      23.6542
      2.69480      21.4715
      2.69620      18.9456
      2.69760      16.5399
      2.69900      14.5619
      2.70040      12.7819
      2.70180      11.0061
      2.70330      9.60063
      2.70470      9.08014
      2.70610      9.21490
      2.70750      9.94219
      2.70890      11.2593
      2.71030      12.5596
      2.71170      13.2611
      2.71320      13.3600
      2.71460      13.4249
      2.71600      13.4063
      2.71740      13.3663
      2.71880      13.1909
      2.72030      13.0032
      2.72170      12.0356
      2.72310      11.1882
      2.72460      10.7955
      2.72600      10.1683
      2.72740      9.54271
      2.72890      9.19099
      2.73030      8.91333
      2.73170      8.56182
      2.73320      8.21941
      2.73460      7.93302
      2.73610      7.53177
      2.73750      7.31471
      2.73900      7.30780
      2.74040      7.14085
      2.74190      6.89599
      2.74330      6.53003
      2.74480      6.31409
      2.74620      6.20231
      2.74770      6.11660
      2.74910      5.95536
      2.75060      5.78460
      2.75200      5.71363
      2.75350      5.68437
      2.75500      5.79297
      2.75640      5.51165
      2.75790      5.02796
      2.75940      4.71135
      2.76080      4.48757
      2.76230      4.60008
      2.76380      4.74908
      2.76520      4.93826
      2.76670      5.27955
      2.76820      5.55685
      2.76970      5.72525
      2.77120      5.79600
      2.77260      5.72011
      2.77410      5.72126
      2.77560      5.85892
      2.77710      5.92071
      2.77860      5.99470
      2.78010      6.03748
      2.78160      6.02122
      2.78310      6.00374
      2.78460      6.03393
      2.78610      6.26958
      2.78750      6.43951
      2.78900      6.38503
      2.79060      6.38534
      2.79210      6.42497
      2.79360      6.48885
      2.79510      6.52999
      2.79660      6.51969
      2.79810      6.51670
      2.79960      6.57936
      2.80110      6.80086
      2.80260      6.98115
      2.80410      6.78077
      2.80570      6.69220
      2.80720      6.84544
      2.80870      6.99847
      2.81020      6.99301
      2.81170      7.04714
      2.81330      7.20001
      2.81480      7.26560
      2.81630      7.17014
      2.81780      7.05716
      2.81940      7.19267
      2.82090      7.32156
      2.82250      7.34761
      2.82400      7.29248
      2.82550      7.33002
      2.82710      7.48896
      2.82860      7.53533
      2.83020      7.46901
      2.83170      7.36379
      2.83320      7.35138
      2.83480      7.45288
      2.83630      7.40463
      2.83790      7.40090
      2.83950      7.49421
      2.84100      7.44577
      2.84260      7.39434
      2.84410      7.40809
      2.84570      7.36263
      2.84720      7.38822
      2.84880      7.39615
      2.85040      7.34606
      2.85190      7.37994
      2.85350      7.36760
      2.85510      7.27038
      2.85670      7.32155
      2.85820      7.32770
      2.85980      7.30249
      2.86140      7.28291
      2.86300      7.21907
      2.86460      7.16299
      2.86610      7.23649
      2.86770      7.25450
      2.86930      7.16117
      2.87090      7.11340
      2.87250      7.01343
      2.87410      6.96056
      2.87570      6.95272
      2.87730      6.85647
      2.87890      6.87212
      2.88050      6.86405
      2.88210      6.83515
      2.88370      6.94836
      2.88530      6.96104
      2.88690      6.92828
      2.88850      6.89036
      2.89010      6.88806
      2.89170      6.81351
      2.89330      6.60582
      2.89490      6.62015
      2.89660      6.67921
      2.89820      6.71491
      2.89980      6.77267
      2.90140      6.66535
      2.90300      6.43727
      2.90470      6.45492
      2.90630      6.51383
      2.90790      6.48143
      2.90960      6.42712
      2.91120      6.48613
      2.91280      6.57074
      2.91450      6.56434
      2.91610      6.51596
      2.91780      6.43276
      2.91940      6.39832
      2.92100      6.43467
      2.92270      6.48207
      2.92430      6.44092
      2.92600      6.41337
      2.92760      6.43649
      2.92930      6.45474
      2.93090      6.47242
      2.93260      6.43570
      2.93430      6.44222
      2.93590      6.38899
      2.93760      6.30862
      2.93930      6.26218
      2.94090      6.38432
      2.94260      6.45545
      2.94430      6.47877
      2.94590      6.45787
      2.94760      6.53579
      2.94930      6.58431
      2.95100      6.45825
      2.95260      6.42786
      2.95430      6.49458
      2.95600      6.49623
      2.95770      6.62306
      2.95940      6.70487
      2.96110      6.62995
      2.96280      6.58369
      2.96450      6.62040
      2.96620      6.73089
      2.96790      6.80161
      2.96960      6.73267
      2.97130      6.70642
      2.97300      6.73723
      2.97470      6.77788
      2.97640      6.66612
      2.97810      6.62952
      2.97980      6.81979
      2.98150      6.96723
      2.98320      6.92451
      2.98490      6.87723
      2.98670      7.00404
      2.98840      7.01305
      2.99010      6.93738
      2.99180      7.02158
      2.99360      7.01826
      2.99530      6.95792
      2.99700      7.20698
      2.99880      7.33010
      3.00050      7.22744
      3.00220      7.23503
      3.00400      7.21425
      3.00570      7.15467
      3.00740      7.08750
      3.00920      7.10079
      3.01090      7.16098
      3.01270      7.20470
      3.01440      7.31429
      3.01620      7.38915
      3.01800      7.37327
      3.01970      7.34330
      3.02150      7.40746
      3.02320      7.55298
      3.02500      7.53705
      3.02680      7.50099
      3.02850      7.58618
      3.03030      7.62685
      3.03210      7.57201
      3.03380      7.54949
      3.03560      7.52166
      3.03740      7.57618
      3.03920      7.64147
      3.04100      7.72605
      3.04270      7.77835
      3.04450      7.81338
      3.04630      7.92240
      3.04810      7.98008
      3.04990      7.95988
      3.05170      7.87835
      3.05350      7.90439
      3.05530      7.95510
      3.05710      8.00048
      3.05890      8.08587
      3.06070      8.16869
      3.06250      8.16374
      3.06430      8.14955
      3.06610      8.16091
      3.06800      8.16725
      3.06980      8.08254
      3.07160      8.11593
      3.07340      8.23002
      3.07520      8.31436
      3.07710      8.38414
      3.07890      8.38410
      3.08070      8.47511
      3.08250      8.60237
      3.08440      8.64598
      3.08620      8.59159
      3.08810      8.60208
      3.08990      8.69772
      3.09170      8.83697
      3.09360      8.89148
      3.09540      8.86667
      3.09730      8.94560
      3.09910      9.01570
      3.10100      8.96986
      3.10280      9.00071
      3.10470      9.11206
      3.10660      9.13180
      3.10840      9.10131
      3.11030      9.26176
      3.11210      9.45300
      3.11400      9.38165
      3.11590      9.42819
      3.11780      9.50944
      3.11960      9.58995
      3.12150      9.71453
      3.12340      9.80042
      3.12530      9.86178
      3.12720      9.97708
      3.12910      10.0245
      3.13090      10.0502
      3.13280      10.0937
      3.13470      10.1556
      3.13660      10.3250
      3.13850      10.4044
      3.14040      10.4594
      3.14230      10.5073
      3.14420      10.5728
      3.14610      10.7026
      3.14810      10.8715
      3.15000      10.9409
      3.15190      10.9434
      3.15380      11.0550
      3.15570      11.1905
      3.15760      11.3412
      3.15960      11.4182
      3.16150      11.4866
      3.16340      11.5084
      3.16530      11.5370
      3.16730      11.6377
      3.16920      11.6923
      3.17120      11.7996
      3.17310      11.9338
      3.17500      11.9899
      3.17700      12.0173
      3.17890      12.1596
      3.18090      12.2696
      3.18280      12.3980
      3.18480      12.4811
      3.18670      12.5552
      3.18870      12.6766
      3.19070      12.8046
      3.19260      12.8892
      3.19460      12.9503
      3.19660      13.0042
      3.19850      13.0627
      3.20050      13.1716
      3.20250      13.2735
      3.20450      13.3323
      3.20650      13.4246
      3.20840      13.5712
      3.21040      13.6266
      3.21240      13.7717
      3.21440      13.8933
      3.21640      13.9744
      3.21840      14.0690
      3.22040      14.1520
      3.22240      14.2424
      3.22440      14.3614
      3.22640      14.5022
      3.22840      14.5654
      3.23040      14.6070
      3.23240      14.8060
      3.23450      14.8853
      3.23650      14.8656
      3.23850      15.0115
      3.24050      15.1617
      3.24260      15.1622
      3.24460      15.2516
      3.24660      15.4064
      3.24860      15.4713
      3.25070      15.5500
      3.25270      15.7226
      3.25480      15.8490
      3.25680      15.9355
      3.25890      16.0606
      3.26090      16.1837
      3.26300      16.2676
      3.26500      16.2174
      3.26710      16.3039
      3.26910      16.4984
      3.27120      16.5914
      3.27330      16.6656
      3.27530      16.8314
      3.27740      16.9426
      3.27950      16.9798
      3.28150      17.0425
      3.28360      17.1476
      3.28570      17.2114
      3.28780      17.3458
      3.28990      17.4760
      3.29200      17.4987
      3.29410      17.6177
      3.29610      17.7491
      3.29820      17.8607
      3.30030      17.9305
      3.30240      18.0101
      3.30460      18.1946
      3.30670      18.2902
      3.30880      18.3774
      3.31090      18.4903
      3.31300      18.5663
      3.31510      18.6239
      3.31720      18.7621
      3.31940      18.9281
      3.32150      19.0050
      3.32360      19.0345
      3.32570      19.0847
      3.32790      19.1289
      3.33000      19.0689
      3.33220      19.0052
      3.33430      19.0153
      3.33640      19.0626
      3.33860      18.9072
      3.34070      18.5766
      3.34290      18.3398
      3.34510      18.1020
      3.34720      17.9167
      3.34940      17.9191
      3.35150      17.8818
      3.35370      17.9011
      3.35590      18.0232
      3.35810      18.2194
      3.36020      18.4097
      3.36240      18.4039
      3.36460      18.3886
      3.36680      18.5454
      3.36900      18.6853
      3.37120      18.7514
      3.37340      18.7870
      3.37550      18.8632
      3.37770      18.9088
      3.37990      18.8636
      3.38220      18.8977
      3.38440      19.0678
      3.38660      19.2140
      3.38880      19.2878
      3.39100      19.3618
      3.39320      19.3839
      3.39540      19.3212
      3.39770      19.3388
      3.39990      19.3741
      3.40210      19.3154
      3.40440      19.2683
      3.40660      19.2862
      3.40880      19.3189
      3.41110      19.3053
      3.41330      19.1799
      3.41560      19.2743
      3.41780      19.4383
      3.42010      19.4992
      3.42230      19.5873
      3.42460      19.6902
      3.42690      19.8216
      3.42910      20.0468
      3.43140      20.3506
      3.43370      20.6208
      3.43590      20.8302
      3.43820      21.0477
      3.44050      21.2038
      3.44280      21.3860
      3.44510      21.4860
      3.44740      21.5024
      3.44970      21.6900
      3.45200      21.8818
      3.45430      21.9385
      3.45660      22.0034
      3.45890      21.9556
      3.46120      21.8404
      3.46350      21.7627
      3.46580      21.5963
      3.46810      21.2602
      3.47040      20.9496
      3.47280      20.7239
      3.47510      20.5814
      3.47740      20.5821
      3.47980      20.6288
      3.48210      20.7778
      3.48440      20.9539
      3.48680      21.2228
      3.48910      21.4755
      3.49150      21.5903
      3.49380      21.6968
      3.49620      21.8653
      3.49850      21.9929
      3.50090      22.0583
      3.50330      22.1692
      3.50560      22.3317
      3.50800      22.5972
      3.51040      22.9944
      3.51280      23.5322
      3.51510      24.0588
      3.51750      24.5397
      3.51990      25.1409
      3.52230      25.6412
      3.52470      26.1412
      3.52710      26.7110
      3.52950      27.1434
      3.53190      27.4433
      3.53430      27.7115
      3.53670      27.9954
      3.53910      28.3382
      3.54160      28.5821
      3.54400      28.7881
      3.54640      29.0360
      3.54880      29.2566
      3.55130      29.4598
      3.55370      29.6266
      3.55610      29.7717
      3.55860      29.9491
      3.56100      30.1034
      3.56350      30.2181
      3.56590      30.3878
      3.56840      30.5361
      3.57080      30.6886
      3.57330      30.8450
      3.57580      31.0536
      3.57820      31.2938
      3.58070      31.4456
      3.58320      31.6197
      3.58560      31.8007
      3.58810      31.9055
      3.59060      32.1480
      3.59310      32.3240
      3.59560      32.4194
      3.59810      32.5674
      3.60060      32.6395
      3.60310      32.7441
      3.60560      32.9325
      3.60810      33.0547
      3.61060      33.1851
      3.61310      33.3469
      3.61560      33.4781
      3.61820      33.6185
      3.62070      33.8017
      3.62320      33.8650
      3.62580      33.9019
      3.62830      34.0805
      3.63080      34.2251
      3.63340      34.3081
      3.63590      34.4235
      3.63850      34.4735
      3.64100      34.5816
      3.64360      34.7460
      3.64620      34.8295
      3.64870      34.9421
      3.65130      35.0050
      3.65390      35.0929
      3.65640      35.2116
      3.65900      35.3293
      3.66160      35.5044
      3.66420      35.5798
      3.66680      35.6441
      3.66940      35.7822
      3.67200      35.8751
      3.67460      35.9074
      3.67720      35.9915
      3.67980      36.1181
      3.68240      36.2067
      3.68500      36.3215
      3.68770      36.4303
      3.69030      36.4293
      3.69290      36.4372
      3.69550      36.5078
      3.69820      36.6163
      3.70080      36.7185
      3.70350      36.7437
      3.70610      36.8502
      3.70880      36.9629
      3.71140      37.0382
      3.71410      37.0551
      3.71670      37.1542
      3.71940      37.2692
      3.72210      37.2787
      3.72470      37.3600
      3.72740      37.4740
      3.73010      37.4948
      3.73280      37.5608
      3.73550      37.6876
      3.73820      37.7434
      3.74090      37.7660
      3.74360      37.7898
      3.74630      37.9020
      3.74900      37.9493
      3.75170      37.9725
      3.75440      38.0137
      3.75710      38.0845
      3.75990      38.1581
      3.76260      38.2400
      3.76530      38.2719
      3.76810      38.2896
      3.77080      38.3404
      3.77350      38.3843
      3.77630      38.3900
      3.77900      38.4083
      3.78180      38.4180
      3.78460      38.3458
      3.78730      38.2666
      3.79010      38.1562
      3.79290      37.9333
      3.79560      37.6138
      3.79840      37.2816
      3.80120      36.9616
      3.80400      36.6635
      3.80680      36.2784
      3.80960      35.9163
      3.81240      35.6426
      3.81520      35.3361
      3.81800      35.0188
      3.82080      34.7414
      3.82360      34.3926
      3.82640      33.9729
      3.82930      33.6218
      3.83210      33.2686
      3.83490      32.9063
      3.83780      32.6123
      3.84060      32.4344
      3.84350      32.3165
      3.84630      32.2414
      3.84920      32.1349
      3.85200      31.9973
      3.85490      31.9139
      3.85780      31.8742
      3.86060      31.8520
      3.86350      31.8607
      3.86640      31.7853
      3.86930      31.7016
      3.87220      31.7102
      3.87510      31.6887
      3.87800      31.6452
      3.88090      31.6564
      3.88380      31.6808
      3.88670      31.6045
      3.88960      31.5350
      3.89250      31.4847
      3.89540      31.3825
      3.89840      31.3539
      3.90130      31.3831
      3.90420      31.3211
      3.90720      31.2183
      3.91010      31.1602
      3.91310      31.0964
      3.91600      31.0092
      3.91900      30.8515
      3.92200      30.5730
      3.92490      30.3580
      3.92790      30.1772
      3.93090      29.9851
      3.93390      29.7738
      3.93690      29.4369
      3.93980      28.8190
      3.94280      27.9690
      3.94580      27.0427
      3.94890      26.1368
      3.95190      25.2306
      3.95490      24.3706
      3.95790      23.6823
      3.96090      23.1289
      3.96390      22.5965
      3.96700      22.1996
      3.97000      21.9662
      3.97310      21.7792
      3.97610      21.6285
      3.97920      21.6027
      3.98220      21.7176
      3.98530      22.0028
      3.98830      22.3811
      3.99140      22.9930
      3.99450      23.7357
      3.99760      24.6769
      4.00060      25.7035
      4.00370      26.6568
      4.00680      27.6262
      4.00990      28.7207
      4.01300      29.7275
      4.01610      30.5154
      4.01930      31.2204
      4.02240      31.8833
      4.02550      32.5576
      4.02860      33.3037
      4.03180      34.0493
      4.03490      34.7482
      4.03800      35.3513
      4.04120      35.9784
      4.04430      36.6442
      4.04750      37.2157
      4.05070      37.6315
      4.05380      37.9689
      4.05700      38.2781
      4.06020      38.5786
      4.06340      38.8613
      4.06650      39.0498
      4.06970      39.1883
      4.07290      39.3260
      4.07610      39.4889
      4.07930      39.6146
      4.08260      39.6959
      4.08580      39.8171
      4.08900      39.9683
      4.09220      40.0202
      4.09550      40.0617
      4.09870      40.1618
      4.10190      40.2831
      4.10520      40.3457
      4.10840      40.3690
      4.11170      40.3898
      4.11500      40.3643
      4.11820      40.4011
      4.12150      40.4823
      4.12480      40.5353
      4.12810      40.5061
      4.13130      40.4701
      4.13460      40.5412
      4.13790      40.6025
      4.14120      40.6256
      4.14460      40.6531
      4.14790      40.6406
      4.15120      40.5742
      4.15450      40.5719
      4.15790      40.6151
      4.16120      40.5898
      4.16450      40.5200
      4.16790      40.4793
      4.17120      40.4111
      4.17460      40.4088
      4.17800      40.4492
      4.18130      40.3771
      4.18470      40.2826
      4.18810      40.1782
      4.19150      39.9717
      4.19490      39.5810
      4.19830      38.9243
      4.20170      37.9239
      4.20510      36.5229
      4.20850      34.9106
      4.21190      33.3653
      4.21530      32.0271
      4.21870      30.7972
      4.22220      29.7222
      4.22560      28.8418
      4.22910      28.1710
      4.23250      27.8756
      4.23600      27.7659
      4.23940      27.8229
      4.24290      28.2013
      4.24640      29.0179
      4.24990      30.5606
      4.25340      32.7109
      4.25680      34.0183
      4.26030      32.6547
      4.26380      30.5823
      4.26740      29.7506
      4.27090      29.4940
      4.27440      29.4623
      4.27790      29.6036
      4.28150      29.8463
      4.28500      30.1089
      4.28850      30.2505
      4.29210      30.5263
      4.29560      30.9255
      4.29920      31.3482
      4.30280      31.6541
      4.30630      32.0893
      4.30990      32.6857
      4.31350      33.3468
      4.31710      33.9441
      4.32070      34.4077
      4.32430      34.8511
      4.32790      35.3264
      4.33150      35.7931
      4.33510      36.2358
      4.33880      36.5223
      4.34240      36.6993
      4.34610      36.8229
      4.34970      37.0299
      4.35340      37.1347
      4.35700      37.1214
      4.36070      37.1238
      4.36430      37.2334
      4.36800      37.2906
      4.37170      37.2436
      4.37540      37.2059
      4.37910      37.1908
      4.38280      37.0678
      4.38650      36.9266
      4.39020      36.7337
      4.39390      36.5126
      4.39770      36.3743
      4.40140      36.2673
      4.40510      36.1224
      4.40890      36.0193
      4.41260      35.9009
      4.41640      35.7977
      4.42020      35.6938
      4.42390      35.5683
      4.42770      35.4746
      4.43150      35.3482
      4.43530      35.2317
      4.43910      35.2006
      4.44290      35.1047
      4.44670      34.9577
      4.45050      34.8120
      4.45430      34.7314
      4.45820      34.6419
      4.46200      34.4374
      4.46580      34.2178
      4.46970      34.1611
      4.47350      34.2197
      4.47740      34.2439
      4.48130      34.2160
      4.48520      34.1260
      4.48900      33.9961
      4.49290      34.0188
      4.49680      34.1114
      4.50070      34.1689
      4.50460      34.2621
      4.50860      34.3876
      4.51250      34.4831
      4.51640      34.5547
      4.52030      34.5521
      4.52430      34.6060
      4.52820      34.7130
      4.53220      34.7694
      4.53620      34.8049
      4.54010      34.7873
      4.54410      34.7690
      4.54810      34.8538
      4.55210      34.7706
      4.55610      34.7154
      4.56010      34.7583
      4.56410      34.7117
      4.56810      34.6106
      4.57220      34.5114
      4.57620      34.4335
      4.58020      34.4519
      4.58430      34.4499
      4.58840      34.3893
      4.59240      34.2576
      4.59650      34.1706
      4.60060      34.0716
      4.60470      33.9503
      4.60870      33.8313
      4.61280      33.7605
      4.61700      33.5454
      4.62110      33.3169
      4.62520      33.1480
      4.62930      32.9736
      4.63350      32.7694
      4.63760      32.5536
      4.64180      32.2796
      4.64590      31.9569
      4.65010      31.6614
      4.65430      31.3930
      4.65840      31.1851
      4.66260      31.1080
      4.66680      30.9486
      4.67100      30.7526
      4.67520      30.5831
      4.67950      30.5103
      4.68370      30.5454
      4.68790      30.6098
      4.69220      30.7732
      4.69640      31.0405
      4.70070      31.1613
      4.70490      31.2868
      4.70920      31.4861
      4.71350      31.5971
      4.71780      31.6327
      4.72210      31.7046
      4.72640      31.8117
      4.73070      31.8679
      4.73500      31.8570
      4.73930      31.8502
      4.74370      31.7694
      4.74800      31.7133
      4.75240      31.7155
      4.75670      31.6771
      4.76110      31.5718
      4.76550      31.4769
      4.76990      31.4240
      4.77430      31.3741
      4.77870      31.2840
      4.78310      31.1292
      4.78750      30.9723
      4.79190      30.9280
      4.79630      30.9538
      4.80080      30.9420
      4.80520      30.7509
      4.80970      30.6061
      4.81420      30.5950
      4.81860      30.5216
      4.82310      30.3363
      4.82760      30.2187
      4.83210      30.1049
      4.83660      29.9789
      4.84110      29.8141
      4.84560      29.6417
      4.85020      29.4404
      4.85470      29.2472
      4.85930      29.1077
      4.86380      28.9646
      4.86840      28.6733
      4.87300      28.2782
      4.87760      27.9537
      4.88210      27.5731
      4.88670      27.1340
      4.89140      26.6901
      4.89600      26.1682
      4.90060      25.5150
      4.90520      24.9424
      4.90990      24.4659
      4.91450      23.9147
      4.91920      23.4740
      4.92390      23.1630
      4.92860      22.8943
      4.93320      22.6511
      4.93790      22.5404
      4.94260      22.3969
      4.94740      22.2066
      4.95210      21.9264
      4.95680      21.6388
      4.96160      21.2361
      4.96630      20.8017
      4.97110      20.4066
      4.97590      20.0100
      4.98060      19.6632
      4.98540      19.4371
      4.99020      19.2586
      4.99500      19.0805
      4.99980      18.9535
      5.00470      18.8232
      5.00950      18.6496
      5.01440      18.5798
      5.01920      18.6272
      5.02410      18.6650
      5.02890      18.6885
      5.03380      18.7190
      5.03870      18.6637
      5.04360      18.5832
      5.04850      18.5319
      5.05340      18.5167
      5.05840      18.4900
      5.06330      18.5161
      5.06830      18.5104
      5.07320      18.5038
      5.07820      18.6309
      5.08320      18.8114
      5.08820      18.7985
      5.09320      18.7944
      5.09820      18.8781
      5.10320      19.0102
      5.10820      19.0886
      5.11330      19.1455
      5.11830      19.0601
      5.12340      18.9404
      5.12840      18.9116
      5.13350      18.9287
      5.13860      18.9895
      5.14370      19.0271
      5.14880      18.9871
      5.15390      18.8757
      5.15900      18.7871
      5.16420      18.7820
      5.16930      18.7963
      5.17450      18.7811
      5.17970      18.7744
      5.18480      18.7751
      5.19000      18.6774
      5.19520      18.6237
      5.20040      18.5433
      5.20570      18.3754
      5.21090      18.3325
      5.21610      18.0194
      5.22140      17.4327
      5.22670      16.9598
      5.23190      16.5608
      5.23720      16.1953
      5.24250      15.7300
      5.24780      15.2293
      5.25310      14.7716
      5.25850      14.4043
      5.26380      14.0693
      5.26910      13.7909
      5.27450      13.5051
      5.27990      13.1964
      5.28530      12.9194
      5.29070      12.7714
      5.29610      12.5578
      5.30150      12.3579
      5.30690      12.2166
      5.31230      12.0559
      5.31780      11.9640
      5.32320      11.9563
      5.32870      11.8174
      5.33420      11.6910
      5.33970      11.6618
      5.34520      11.6513
      5.35070      11.6424
      5.35620      11.6571
      5.36180      11.6840
      5.36730      11.7866
      5.37290      11.9542
      5.37850      12.2259
      5.38400      12.5117
      5.38960      12.7744
      5.39530      13.1599
      5.40090      13.5508
      5.40650      13.9299
      5.41210      14.2604
      5.41780      14.7916
      5.42350      15.2055
      5.42910      14.9874
      5.43480      14.8951
      5.44050      14.9737
      5.44630      14.9478
      5.45200      14.8161
      5.45770      14.7937
      5.46350      14.7767
      5.46920      14.4934
      5.47500      14.2308
      5.48080      13.9409
      5.48660      13.5451
      5.49240      13.3170
      5.49820      13.1111
      5.50410      12.8256
      5.50990      12.4664
      5.51580      12.1347
      5.52170      11.7418
      5.52750      11.2203
      5.53340      10.6495
      5.53940      9.87459
      5.54530      8.89022
      5.55120      7.93115
      5.55720      7.14382
      5.56310      6.79668
      5.56910      6.72712
      5.57510      6.88139
      5.58110      7.32981
      5.58710      8.01052
      5.59310      8.82451
      5.59920      9.57578
      5.60520      10.0710
      5.61130      10.4066
      5.61740      10.6558
      5.62350      10.8614
      5.62960      11.1544
      5.63570      11.5901
      5.64180      12.0433
      5.64800      12.0462
      5.65410      12.0694
      5.66030      12.1546
      5.66650      12.2631
      5.67270      12.5164
      5.67890      12.4305
      5.68510      12.2820
      5.69140      12.3532
      5.69760      12.1905
      5.70390      12.1958
      5.71020      12.3608
      5.71650      12.1048
      5.72280      11.8004
      5.72910      11.6035
      5.73540      11.5182
      5.74180      11.4025
      5.74820      11.2785
      5.75450      10.9502
      5.76090      11.0791
      5.76730      11.3090
      5.77380      10.7696
      5.78020      10.3976
      5.78670      10.1696
      5.79310      9.96628
      5.79960      9.82040
      5.80610      9.64198
      5.81260      9.63082
      5.81910      9.81461
      5.82570      9.63208
      5.83220      9.20297
      5.83880      8.70693
      5.84540      8.32601
      5.85200      8.16525
      5.85860      8.01057
      5.86520      7.83949
      5.87180      7.67706
      5.87850      7.79801
      5.88520      7.47281
      5.89190      7.15075
      5.89860      6.77857
      5.90530      6.14028
      5.91200      5.82585
      5.91880      5.59040
      5.92550      5.44444
      5.93230      5.54035
      5.93910      5.42416
      5.94590      5.04536
      5.95270      4.86439
      5.95960      4.70137
      5.96640      4.69663
      5.97330      4.62528
      5.98020      4.49604
      5.98710      4.42864
      5.99400      4.37646
      6.00100      4.21204
      6.00790      4.14921
      6.01490      4.10988
      6.02190      3.97842
      6.02890      3.85132
      6.03590      3.82789
      6.04290      3.98729
      6.05000      4.11218
      6.05710      3.85223
      6.06410      3.72789
      6.07120      3.75158
      6.07840      3.67740
      6.08550      3.55756
      6.09260      3.52800
      6.09980      3.50090
      6.10700      3.64859
      6.11420      3.81165
      6.12140      3.66711
      6.12860      3.44272
      6.13590      3.38089
      6.14320      3.36737
      6.15050      3.39018
      6.15780      3.46815
      6.16510      3.56495
      6.17240      3.62598
      6.17980      3.79260
      6.18720      3.92784
      6.19450      3.84089
      6.20200      3.82473
      6.20940      3.84844
      6.21680      3.94354
      6.22430      4.06242
      6.23180      4.14958
      6.23930      4.24821
      6.24680      4.34157
      6.25430      4.39310
      6.26190      4.56585
      6.26950      4.70691
      6.27700      4.66219
      6.28470      4.65226
      6.29230      4.71382
      6.29990      4.83227
      6.30760      4.94277
      6.31530      5.08427
      6.32300      5.21293
      6.33070      5.33940
      6.33840      5.57081
      6.34620      5.81202
      6.35400      5.75375
      6.36180      5.83059
      6.36960      6.03095
      6.37740      6.02361
      6.38530      6.03177
      6.39310      6.14471
      6.40100      6.39816
      6.40890      6.93719
      6.41690      7.07167
      6.42480      6.64130
      6.43280      6.45948
      6.44080      6.24361
      6.44880      6.07444
      6.45680      5.91586
      6.46490      5.59413
      6.47300      5.43956
      6.48100      5.38284
      6.48920      5.32854
      6.49730      5.09664
      6.50540      4.56539
      6.51360      4.31900
      6.52180      4.19288
      6.53000      3.90940
      6.53830      3.65040
      6.54650      3.49269
      6.55480      3.38569
      6.56310      3.36602
      6.57140      3.35077
      6.57970      3.15198
      6.58810      3.00421
      6.59650      2.91851
      6.60490      2.84807
      6.61330      2.83911
      6.62180      2.76462
      6.63020      2.76987
      6.63870      2.84995
      6.64720      2.73241
      6.65580      2.58786
      6.66430      2.59293
      6.67290      2.63476
      6.68150      2.59850
      6.69010      2.49053
      6.69880      2.46199
      6.70740      2.56304
      6.71610      2.57055
      6.72480      2.42575
      6.73360      2.35932
      6.74230      2.32641
      6.75110      2.30311
      6.75990      2.27047
      6.76870      2.26583
      6.77760      2.39278
      6.78640      2.45345
      6.79530      2.36787
      6.80420      2.28829
      6.81320      2.30106
      6.82220      2.31524
      6.83110      2.33987
      6.84020      2.39505
      6.84920      2.51003
      6.85820      2.62278
      6.86730      2.57383
      6.87640      2.47036
      6.88560      2.48259
      6.89470      2.46055
      6.90390      2.51215
      6.91310      2.59138
      6.92230      2.63626
      6.93160      2.64057
      6.94090      2.68288
      6.95020      2.76027
      6.95950      2.78320
      6.96890      2.76646
      6.97820      2.81857
      6.98770      2.94402
      6.99710      2.96680
      7.00650      3.07265
      7.01600      3.22866
      7.02550      3.28516
      7.03510      3.34282
      7.04460      3.52171
      7.05420      3.62449
      7.06380      3.72816
      7.07340      3.84855
      7.08310      3.85834
      7.09280      4.04016
      7.10250      4.15310
      7.11230      4.10327
      7.12200      3.99939
      7.13180      3.90877
      7.14160      3.84251
      7.15150      3.94614
      7.16140      4.16930
      7.17130      4.37865
      7.18120      4.33494
      7.19120      4.37203
      7.20120      4.69470
      7.21120      5.05474
      7.22120      5.22450
      7.23130      5.36850
      7.24140      5.51019
      7.25150      5.64883
      7.26170      5.73293
      7.27190      5.89704
      7.28210      6.19772
      7.29230      6.44190
      7.30260      6.63770
      7.31290      6.80583
      7.32320      7.03082
      7.33360      7.24301
      7.34400      7.44810
      7.35440      7.65178
      7.36480      7.78559
      7.37530      7.83363
      7.38580      7.90708
      7.39630      8.07102
      7.40690      8.20688
      7.41750      8.12869
      7.42810      8.07533
      7.43880      8.19840
      7.44950      8.36470
      7.46020      8.45092
      7.47090      8.45242
      7.48170      8.45355
      7.49250      8.47363
      7.50340      8.50946
      7.51430      8.52348
      7.52520      8.42453
      7.53610      8.42806
      7.54710      8.47880
      7.55810      8.42605
      7.56910      8.38932
      7.58020      8.33011
      7.59130      8.30540
      7.60240      8.27189
      7.61360      8.28981
      7.62480      8.34558
      7.63600      8.41357
      7.64730      8.42459
      7.65860      8.45984
      7.66990      8.53179
      7.68120      8.57922
      7.69260      8.62719
      7.70410      8.69148
      7.71550      8.66143
      7.72700      8.64501
      7.73860      8.60754
      7.75010      8.49851
      7.76170      8.48101
      7.77340      8.46935
      7.78500      8.37677
      7.79670      8.18898
      7.80850      8.09999
      7.82030      8.12384
      7.83210      8.18637
      7.84390      8.13413
      7.85580      8.09861
      7.86770      8.14984
      7.87970      8.19919
      7.89170      8.26347
      7.90370      8.24192
      7.91580      8.29774
      7.92790      8.45055
      7.94000      8.55718
      7.95220      8.67796
      7.96440      8.79687
      7.97670      8.81847
      7.98900      8.80978
      8.00130      8.86831
      8.01370      8.90321
      8.02610      8.88227
      8.03850      8.94677
      8.05100      9.09941
      8.06350      9.19470
      8.07610      9.27370
      8.08870      9.40763
      8.10130      9.58467
      8.11400      9.87932
      8.12670      10.2480
      8.13950      10.4347
      8.15230      10.3781
      8.16510      10.3584
      8.17800      10.4497
      8.19090      10.4956
      8.20390      10.4558
      8.21690      10.3207
      8.22990      9.98460
      8.24300      9.72293
      8.25610      9.51869
      8.26930      9.19508
      8.28250      8.92492
      8.29570      8.70708
      8.30900      8.50394
      8.32240      8.33674
      8.33570      8.13558
      8.34920      7.95045
      8.36260      7.73101
      8.37610      7.67005
      8.38970      7.55638
      8.40330      7.32069
      8.41690      7.18148
      8.43060      6.96647
      8.44440      6.67496
      8.45810      6.62098
      8.47200      6.61509
      8.48580      6.63086
      8.49970      6.64101
      8.51370      6.51163
      8.52770      6.35687
      8.54170      6.19972
      8.55580      5.93157
      8.57000      5.74150
      8.58420      5.60746
      8.59840      5.38592
      8.61270      5.17267
      8.62700      5.05494
      8.64140      5.04211
      8.65580      5.26518
      8.67030      5.46819
      8.68480      5.53400
      8.69940      5.52045
      8.71400      5.45397
      8.72870      5.45709
      8.74340      5.52062
      8.75820      5.52993
      8.77300      5.55187
      8.78790      5.59840
      8.80280      5.51746
      8.81770      5.32576
      8.83280      5.21187
      8.84780      5.22041
      8.86300      5.23253
      8.87810      5.20007
      8.89340      5.00146
      8.90870      4.87738
      8.92400      4.85922
      8.93940      4.86348
      8.95480      4.82080
      8.97030      4.68447
      8.98590      4.56002
      9.00150      4.52201
      9.01710      4.64647
      9.03280      4.70872
      9.04860      4.58122
      9.06440      4.60430
      9.08030      4.80113
      9.09620      4.98917
      9.11220      4.96345
      9.12820      4.83446
      9.14430      4.86050
      9.16050      4.84863
      9.17670      4.80698
      9.19300      4.85939
      9.20930      4.79308
      9.22570      4.80165
      9.24210      4.93265
      9.25860      4.91385
      9.27520      4.85154
      9.29180      4.87317
      9.30850      4.77952
      9.32520      4.70973
      9.34200      4.74102
      9.35890      4.55327
      9.37580      4.30143
      9.39280      4.10847
      9.40990      4.00309
      9.42700      3.86639
      9.44410      3.82822
      9.46140      3.78761
      9.47870      3.63977
      9.49600      3.61980
      9.51350      3.66400
      9.53090      3.67565
      9.54850      3.48627
      9.56610      3.45195
      9.58380      3.46170
      9.60160      3.44272
      9.61940      3.56578
      9.63720      3.54048
      9.65520      3.44945
      9.67320      3.33580
      9.69130      3.22536
      9.70940      3.29421
      9.72760      3.31343
      9.74590      3.27733
      9.76430      3.14880
      9.78270      3.08771
      9.80120      3.22202
      9.81980      3.19587
      9.83840      3.00615
      9.85710      2.85216
      9.87590      2.89687
      9.89470      3.00684
      9.91360      3.00368
      9.93260      3.03430
      9.95170      3.06711
      9.97080      3.00941
      9.99010      2.99347
      10.0093      2.84075
      10.0287      2.81643
      10.0481      2.97139
      10.0676      2.98971
      10.0872      3.00449
      10.1069      2.99521
      10.1266      2.86752
      10.1464      2.86707
      10.1663      2.93609
      10.1863      2.99552
      10.2064      3.07013
      10.2265      3.08281
      10.2467      3.07539
      10.2670      3.05243
      10.2874      3.13753
      10.3078      3.20323
      10.3284      3.19082
      10.3490      3.15184
      10.3697      3.16831
      10.3904      3.22891
      10.4113      3.23042
      10.4323      3.22131
      10.4533      3.14857
      10.4744      2.97216
      10.4956      3.05659
      10.5169      3.19372
      10.5383      3.08380
      10.5597      3.04825
      10.5813      3.16812
      10.6029      3.07393
      10.6247      2.95464
      10.6465      3.09379
      10.6684      3.12190
      10.6904      2.98641
      10.7125      2.95261
      10.7346      3.05924
      10.7569      3.11544
      10.7793      2.93833
      10.8017      2.90005
      10.8243      2.97091
      10.8469      2.85534
      10.8697      2.75904
      10.8925      2.81229
      10.9154      2.72747
      10.9385      2.61879
      10.9616      2.69296
      10.9848      2.83643
      11.0081      2.84548
      11.0316      2.91708
      11.0551      3.01910
      11.0787      3.09814
      11.1024      3.29601
      11.1263      3.42192
      11.1502      3.51845
      11.1742      3.61772
      11.1983      3.59498
      11.2226      3.56803
      11.2469      3.59090
      11.2714      3.64714
      11.2959      3.57166
      11.3206      3.28279
      11.3454      3.02216
      11.3702      2.89484
      11.3952      2.70739
      11.4203      2.50785
      11.4455      2.57732
      11.4709      2.92216
      11.4963      3.39321
      11.5219      3.75205
      11.5475      3.82171
      11.5733      3.95097
      11.5992      4.21651
      11.6252      4.20273
      11.6513      4.14736
      11.6776      4.10976
      11.7039      4.03026
      11.7304      3.88818
      11.7570      3.76430
      11.7837      3.58920
      11.8106      3.55339
      11.8375      3.63067
      11.8646      3.64708
      11.8918      3.56592
      11.9192      3.36829
      11.9466      3.21917
      11.9742      3.09196
      12.0019      3.07433
      12.0298      3.13697
      12.0578      3.10620
      12.0859      3.00698
      12.1141      2.76865
      12.1425      2.63238
      12.1710      2.55202
      12.1996      2.42006
      12.2284      2.24982
      12.2573      2.14152
      12.2863      2.04610
      12.3155      1.95515
      12.3448      1.99349
      12.3743      2.05297
      12.4039      2.01364
      12.4337      2.08271
      12.4635      2.21419
      12.4936      2.16364
      12.5238      2.21261
      12.5541      2.27710
      12.5845      2.26416
      12.6152      2.18014
      12.6459      2.12112
      12.6769      2.22402
      12.7079      2.26836
      12.7391      2.31495
      12.7705      2.54875
      12.8021      2.59273
      12.8337      2.53565
      12.8656      2.44946
      12.8976      2.47737
      12.9298      2.61399
      12.9621      2.69687
      12.9946      2.59951
      13.0272      2.46572
      13.0600      2.55090
      13.0930      2.66314
      13.1262      2.56293
      13.1595      2.46817
      13.1930      2.41333
      13.2266      2.46031
      13.2604      2.50946
      13.2944      2.37926
      13.3286      2.28685
      13.3630      2.33331
      13.3975      2.56227
      13.4322      2.60292
      13.4671      2.62895
      13.5022      2.67671
      13.5374      2.57128
      13.5729      2.38629
      13.6085      2.32634
      13.6443      2.37581
      13.6803      2.37791
      13.7165      2.40794
      13.7529      2.36740
      13.7895      2.19214
      13.8262      2.11632
      13.8632      2.18801
      13.9004      2.13369
      13.9377      1.92732
      13.9753      1.64038
      14.0131      1.42801
