      2.00030      54.5728
      2.00110      54.6182
      2.00190      54.6413
      2.00260      54.7161
      2.00340      54.6807
      2.00420      54.7572
      2.00500      54.8950
      2.00570      54.8481
      2.00650      54.9668
      2.00730      55.1652
      2.00810      55.1782
      2.00890      55.0962
      2.00960      55.0958
      2.01040      55.1868
      2.01120      55.2606
      2.01200      55.2844
      2.01280      55.3732
      2.01350      55.4809
      2.01430      55.4510
      2.01510      55.4594
      2.01590      55.5696
      2.01670      55.5620
      2.01740      55.6029
      2.01820      55.6734
      2.01900      55.6267
      2.01980      55.7312
      2.02060      55.8630
      2.02140      55.7027
      2.02220      55.6110
      2.02300      55.7088
      2.02370      55.7539
      2.02450      55.8465
      2.02530      55.8926
      2.02610      55.9059
      2.02690      55.9815
      2.02770      56.1650
      2.02850      56.1850
      2.02930      56.1841
      2.03010      56.1253
      2.03090      56.1038
      2.03170      56.2266
      2.03250      56.2917
      2.03330      56.3330
      2.03410      56.2502
      2.03490      56.1398
      2.03570      56.1057
      2.03650      56.2689
      2.03730      56.3586
      2.03810      56.4288
      2.03890      56.4388
      2.03970      56.4144
      2.04050      56.3992
      2.04130      56.4197
      2.04210      56.4244
      2.04290      56.4885
      2.04370      56.5837
      2.04450      56.6664
      2.04530      56.6143
      2.04610      56.5492
      2.04690      56.5393
      2.04770      56.6198
      2.04850      56.7841
      2.04930      56.8649
      2.05020      56.7638
      2.05100      56.6629
      2.05180      56.7610
      2.05260      56.8923
      2.05340      56.8043
      2.05420      56.8824
      2.05500      56.9600
      2.05580      56.8271
      2.05670      56.8877
      2.05750      57.0293
      2.05830      56.8882
      2.05910      56.9087
      2.05990      56.9251
      2.06070      56.8340
      2.06160      56.8394
      2.06240      57.0213
      2.06320      57.0910
      2.06400      57.0631
      2.06490      57.0021
      2.06570      57.0040
      2.06650      57.1145
      2.06730      57.0415
      2.06810      57.0331
      2.06900      57.1651
      2.06980      57.1397
      2.07060      56.9888
      2.07150      57.0233
      2.07230      57.1016
      2.07310      57.1386
      2.07390      57.2111
      2.07480      57.2274
      2.07560      57.2286
      2.07640      57.1634
      2.07730      57.1764
      2.07810      57.2059
      2.07890      57.2259
      2.07980      57.2531
      2.08060      57.2088
      2.08140      57.1093
      2.08230      57.1730
      2.08310      57.2286
      2.08390      57.0990
      2.08480      57.0675
      2.08560      57.1889
      2.08650      57.1449
      2.08730      57.0272
      2.08810      57.1491
      2.08900      57.2005
      2.08980      57.2662
      2.09070      57.3407
      2.09150      57.2760
      2.09240      57.3220
      2.09320      57.2994
      2.09400      57.1738
      2.09490      57.2455
      2.09570      57.3277
      2.09660      57.1998
      2.09740      57.1773
      2.09830      57.2593
      2.09910      57.2669
      2.10000      57.3051
      2.10080      57.2559
      2.10170      57.2284
      2.10250      57.2036
      2.10340      57.2640
      2.10420      57.4471
      2.10510      57.4478
      2.10590      57.3406
      2.10680      57.2169
      2.10770      57.1168
      2.10850      57.0613
      2.10940      57.3426
      2.11020      57.4379
      2.11110      57.2278
      2.11200      57.0679
      2.11280      57.0704
      2.11370      57.0788
      2.11450      57.1698
      2.11540      57.2065
      2.11630      57.2149
      2.11710      57.2636
      2.11800      57.2278
      2.11890      57.1557
      2.11970      57.1668
      2.12060      57.2425
      2.12150      57.2565
      2.12230      57.1560
      2.12320      57.1564
      2.12410      57.2539
      2.12490      57.3142
      2.12580      57.3181
      2.12670      57.2892
      2.12760      57.2141
      2.12840      57.1493
      2.12930      57.1722
      2.13020      57.2240
      2.13110      57.1896
      2.13190      57.1602
      2.13280      57.1777
      2.13370      57.2123
      2.13460      57.2106
      2.13540      57.1381
      2.13630      57.1183
      2.13720      57.1579
      2.13810      57.1211
      2.13900      56.9128
      2.13980      56.8130
      2.14070      56.9573
      2.14160      57.0929
      2.14250      57.0891
      2.14340      56.8973
      2.14430      56.8456
      2.14520      56.7980
      2.14600      56.6518
      2.14690      56.5248
      2.14780      56.4514
      2.14870      56.4784
      2.14960      56.4225
      2.15050      56.1833
      2.15140      55.9769
      2.15230      55.9391
      2.15320      56.0247
      2.15410      55.8837
      2.15500      55.6953
      2.15590      55.6329
      2.15680      55.6985
      2.15770      55.5697
      2.15860      55.4390
      2.15950      55.3594
      2.16040      55.3607
      2.16130      55.2791
      2.16220      55.1731
      2.16310      55.1486
      2.16400      55.2007
      2.16490      55.1190
      2.16580      54.9394
      2.16670      54.8299
      2.16760      54.7865
      2.16850      54.7636
      2.16940      54.7491
      2.17030      54.7411
      2.17120      54.6443
      2.17210      54.4403
      2.17300      54.3474
      2.17390      54.4197
      2.17490      54.5202
      2.17580      54.4896
      2.17670      54.3107
      2.17760      54.1598
      2.17850      54.1823
      2.17940      54.0043
      2.18030      53.8452
      2.18130      53.8573
      2.18220      53.8207
      2.18310      53.8401
      2.18400      53.8530
      2.18490      53.6468
      2.18590      53.3857
      2.18680      53.3907
      2.18770      53.4183
      2.18860      53.2492
      2.18950      53.0523
      2.19050      53.0289
      2.19140      52.8387
      2.19230      52.6425
      2.19330      52.4550
      2.19420      52.3585
      2.19510      52.3664
      2.19600      52.2397
      2.19700      52.1202
      2.19790      52.0274
      2.19880      52.0061
      2.19980      51.9486
      2.20070      51.7265
      2.20160      51.4695
      2.20260      51.1974
      2.20350      50.9040
      2.20440      50.6418
      2.20540      50.3320
      2.20630      49.9465
      2.20730      49.6124
      2.20820      49.4616
      2.20910      49.4792
      2.21010      49.6083
      2.21100      49.9204
      2.21200      50.3506
      2.21290      50.7918
      2.21390      51.0451
      2.21480      51.2499
      2.21570      51.5436
      2.21670      51.8395
      2.21760      52.0025
      2.21860      52.1280
      2.21950      52.2779
      2.22050      52.3272
      2.22140      52.3987
      2.22240      52.5644
      2.22330      52.6380
      2.22430      52.7719
      2.22530      52.8186
      2.22620      52.8343
      2.22720      52.9031
      2.22810      52.9765
      2.22910      52.9794
      2.23000      53.0447
      2.23100      53.0667
      2.23200      53.0007
      2.23290      53.0357
      2.23390      53.1617
      2.23480      53.2404
      2.23580      53.3146
      2.23680      53.3926
      2.23770      53.3077
      2.23870      53.2359
      2.23970      53.2384
      2.24060      53.2512
      2.24160      53.1508
      2.24260      53.1016
      2.24360      53.3317
      2.24450      53.4810
      2.24550      53.3289
      2.24650      53.3674
      2.24740      53.5924
      2.24840      53.6366
      2.24940      53.6084
      2.25040      53.6771
      2.25130      53.6605
      2.25230      53.5678
      2.25330      53.6209
      2.25430      53.8458
      2.25530      53.9638
      2.25620      53.8607
      2.25720      53.8187
      2.25820      53.9556
      2.25920      53.9285
      2.26020      53.9017
      2.26120      54.1172
      2.26210      54.3363
      2.26310      54.2937
      2.26410      54.1673
      2.26510      54.1892
      2.26610      54.2641
      2.26710      54.3855
      2.26810      54.4575
      2.26910      54.4537
      2.27010      54.3973
      2.27110      54.3442
      2.27210      54.3676
      2.27310      54.4004
      2.27410      54.3718
      2.27510      54.2666
      2.27610      54.1315
      2.27710      54.1274
      2.27810      54.2241
      2.27910      54.3251
      2.28010      54.3256
      2.28110      54.2764
      2.28210      54.2980
      2.28310      54.4171
      2.28410      54.2928
      2.28510      54.0648
      2.28610      54.0200
      2.28710      53.9468
      2.28810      53.7677
      2.28910      53.7692
      2.29010      53.9299
      2.29110      53.9230
      2.29220      53.7506
      2.29320      53.7064
      2.29420      53.7396
      2.29520      53.8152
      2.29620      53.7410
      2.29720      53.6035
      2.29820      53.6100
      2.29930      53.5868
      2.30030      53.4871
      2.30130      53.4205
      2.30230      53.4510
      2.30340      53.4714
      2.30440      53.4477
      2.30540      53.3415
      2.30640      53.2059
      2.30750      53.1455
      2.30850      53.1251
      2.30950      53.0265
      2.31050      52.9721
      2.31160      52.9710
      2.31260      52.8681
      2.31360      52.7312
      2.31470      52.7107
      2.31570      52.7093
      2.31670      52.7185
      2.31780      52.7121
      2.31880      52.6333
      2.31980      52.4090
      2.32090      52.3573
      2.32190      52.4456
      2.32300      52.3584
      2.32400      52.2276
      2.32500      52.1349
      2.32610      52.0486
      2.32710      52.0183
      2.32820      51.8128
      2.32920      51.6633
      2.33030      51.6746
      2.33130      51.5974
      2.33240      51.4471
      2.33340      51.3158
      2.33450      51.2543
      2.33550      51.3672
      2.33660      51.2972
      2.33760      51.1788
      2.33870      51.1004
      2.33970      51.0303
      2.34080      50.9541
      2.34180      50.8751
      2.34290      50.7984
      2.34400      50.6244
      2.34500      50.6477
      2.34610      50.6961
      2.34710      50.5930
      2.34820      50.4456
      2.34930      50.3586
      2.35030      50.2165
      2.35140      50.2236
      2.35250      50.2116
      2.35350      50.1065
      2.35460      50.0549
      2.35570      49.9482
      2.35670      49.8694
      2.35780      49.8328
      2.35890      49.7709
      2.36000      49.8453
      2.36100      49.8753
      2.36210      49.7906
      2.36320      49.7550
      2.36430      49.7099
      2.36530      49.6729
      2.36640      49.6312
      2.36750      49.6792
      2.36860      49.6479
      2.36970      49.6272
      2.37080      49.6159
      2.37180      49.4748
      2.37290      49.2802
      2.37400      49.1563
      2.37510      49.0837
      2.37620      49.0232
      2.37730      49.0236
      2.37840      49.0471
      2.37950      49.0418
      2.38060      48.9073
      2.38160      48.7428
      2.38270      48.6931
      2.38380      48.7101
      2.38490      48.7112
      2.38600      48.7125
      2.38710      48.7947
      2.38820      48.7454
      2.38930      48.6340
      2.39040      48.5853
      2.39150      48.6346
      2.39260      48.6555
      2.39370      48.5552
      2.39480      48.5551
      2.39600      48.5847
      2.39710      48.6306
      2.39820      48.6599
      2.39930      48.6050
      2.40040      48.5630
      2.40150      48.5102
      2.40260      48.4855
      2.40370      48.5123
      2.40480      48.4226
      2.40600      48.4271
      2.40710      48.4133
      2.40820      48.3108
      2.40930      48.3183
      2.41040      48.2851
      2.41160      48.1484
      2.41270      48.1445
      2.41380      48.1114
      2.41490      48.0038
      2.41610      47.9281
      2.41720      47.8495
      2.41830      47.7588
      2.41940      47.5991
      2.42060      47.5752
      2.42170      47.6187
      2.42280      47.5019
      2.42400      47.2964
      2.42510      47.2084
      2.42620      47.1367
      2.42740      46.9758
      2.42850      46.9101
      2.42960      46.8401
      2.43080      46.7114
      2.43190      46.5950
      2.43310      46.5053
      2.43420      46.4705
      2.43530      46.3844
      2.43650      46.2124
      2.43760      46.0367
      2.43880      46.0403
      2.43990      46.0182
      2.44110      45.8773
      2.44220      45.7993
      2.44340      45.7664
      2.44450      45.7094
      2.44570      45.6958
      2.44680      45.6426
      2.44800      45.4615
      2.44910      45.3957
      2.45030      45.4107
      2.45150      45.3835
      2.45260      45.4157
      2.45380      45.3252
      2.45490      45.1998
      2.45610      45.1919
      2.45730      45.1994
      2.45840      45.0203
      2.45960      45.0180
      2.46080      45.0141
      2.46190      44.9703
      2.46310      44.9527
      2.46430      44.9439
      2.46550      44.9006
      2.46660      44.7839
      2.46780      44.5758
      2.46900      44.5244
      2.47010      44.6314
      2.47130      44.6343
      2.47250      44.5562
      2.47370      44.3622
      2.47490      44.2505
      2.47600      44.3030
      2.47720      44.2577
      2.47840      44.2490
      2.47960      44.1965
      2.48080      44.1320
      2.48200      44.0620
      2.48320      43.9732
      2.48440      43.8403
      2.48550      43.7398
      2.48670      43.6975
      2.48790      43.7040
      2.48910      43.6632
      2.49030      43.5930
      2.49150      43.5519
      2.49270      43.4678
      2.49390      43.4501
      2.49510      43.4692
      2.49630      43.4605
      2.49750      43.4284
      2.49870      43.3370
      2.49990      43.2242
      2.50110      43.1405
      2.50230      43.0080
      2.50350      43.0322
      2.50480      43.1301
      2.50600      43.0972
      2.50720      43.0436
      2.50840      42.9004
      2.50960      42.7730
      2.51080      42.6907
      2.51200      42.7214
      2.51330      42.7063
      2.51450      42.7631
      2.51570      42.7982
      2.51690      42.6820
      2.51810      42.7074
      2.51940      42.7666
      2.52060      42.7197
      2.52180      42.6306
      2.52300      42.5348
      2.52430      42.4967
      2.52550      42.4626
      2.52670      42.4446
      2.52800      42.3689
      2.52920      42.2915
      2.53040      42.2925
      2.53170      42.4666
      2.53290      42.5526
      2.53410      42.5949
      2.53540      42.6024
      2.53660      42.5523
      2.53790      42.3436
      2.53910      42.2052
      2.54030      42.2022
      2.54160      42.2675
      2.54280      42.3895
      2.54410      42.2400
      2.54530      42.1395
      2.54660      42.1706
      2.54780      42.2288
      2.54910      42.1815
      2.55030      42.2358
      2.55160      42.3738
      2.55290      42.5257
      2.55410      42.2292
      2.55540      41.8985
      2.55660      41.8041
      2.55790      41.7445
      2.55920      41.8268
      2.56040      42.3977
      2.56170      42.9480
      2.56290      42.8498
      2.56420      42.5069
      2.56550      41.9173
      2.56680      41.5524
      2.56800      41.7331
      2.56930      42.1445
      2.57060      41.8319
      2.57180      41.5392
      2.57310      42.2649
      2.57440      42.0389
      2.57570      41.7298
      2.57700      41.9082
      2.57820      41.3739
      2.57950      41.1076
      2.58080      41.5518
      2.58210      41.5741
      2.58340      42.2505
      2.58470      42.1655
      2.58600      41.6004
      2.58720      41.7816
      2.58850      41.4073
      2.58980      41.0298
      2.59110      40.7976
      2.59240      41.0686
      2.59370      42.7617
      2.59500      44.1608
      2.59630      42.4301
      2.59760      40.8211
      2.59890      40.2518
      2.60020      40.4135
      2.60150      40.7473
      2.60280      40.8511
      2.60410      41.2802
      2.60540      41.8825
      2.60680      41.1932
      2.60810      40.5710
      2.60940      40.5148
      2.61070      40.2710
      2.61200      39.8843
      2.61330      39.8279
      2.61460      39.7634
      2.61600      40.6353
      2.61730      40.8815
      2.61860      40.0827
      2.61990      40.5995
      2.62130      40.2194
      2.62260      39.0477
      2.62390      38.9438
      2.62520      39.3879
      2.62660      39.8773
      2.62790      39.1639
      2.62920      39.4170
      2.63060      40.0694
      2.63190      39.0238
      2.63320      38.4971
      2.63460      38.3553
      2.63590      37.8907
      2.63730      37.6040
      2.63860      37.2807
      2.63990      37.1310
      2.64130      37.0910
      2.64260      37.0225
      2.64400      36.7189
      2.64530      36.7392
      2.64670      36.4669
      2.64800      36.0302
      2.64940      35.7197
      2.65070      35.7766
      2.65210      36.0802
      2.65350      35.6546
      2.65480      35.1482
      2.65620      34.9298
      2.65750      34.4685
      2.65890      34.4781
      2.66030      34.1520
      2.66160      33.6819
      2.66300      33.4255
      2.66440      34.1277
      2.66570      34.4167
      2.66710      33.6991
      2.66850      32.4837
      2.66980      32.8513
      2.67120      32.1039
      2.67260      30.1687
      2.67400      29.3871
      2.67540      29.2821
      2.67670      29.0867
      2.67810      28.0860
      2.67950      26.9137
      2.68090      25.2898
      2.68230      24.2506
      2.68370      23.3497
      2.68510      22.1172
      2.68640      20.7768
      2.68780      19.2673
      2.68920      17.6215
      2.69060      15.9415
      2.69200      14.4096
      2.69340      13.0237
      2.69480      11.5327
      2.69620      10.1801
      2.69760      8.76593
      2.69900      7.43694
      2.70040      6.42963
      2.70180      5.57457
      2.70330      4.85164
      2.70470      4.51297
      2.70610      4.54419
      2.70750      4.80164
      2.70890      5.31681
      2.71030      6.01160
      2.71170      6.50038
      2.71320      6.54317
      2.71460      6.61748
      2.71600      6.56720
      2.71740      6.43268
      2.71880      6.33369
      2.72030      6.15480
      2.72170      5.68887
      2.72310      5.35472
      2.72460      5.16010
      2.72600      4.76497
      2.72740      4.49645
      2.72890      4.41802
      2.73030      4.16600
      2.73170      3.93518
      2.73320      3.98582
      2.73460      3.84764
      2.73610      3.47866
      2.73750      3.32100
      2.73900      3.47583
      2.74040      3.70436
      2.74190      3.66187
      2.74330      3.28779
      2.74480      3.17418
      2.74620      3.14273
      2.74770      3.00549
      2.74910      2.92010
      2.75060      3.04550
      2.75200      3.06335
      2.75350      2.96403
      2.75500      2.93461
      2.75640      2.81698
      2.75790      2.59700
      2.75940      2.49288
      2.76080      2.42416
      2.76230      2.45154
      2.76380      2.66073
      2.76520      2.81746
      2.76670      2.93658
      2.76820      3.06342
      2.76970      3.16191
      2.77120      3.26231
      2.77260      3.23665
      2.77410      3.27824
      2.77560      3.31382
      2.77710      3.27768
      2.77860      3.38454
      2.78010      3.41157
      2.78160      3.46165
      2.78310      3.60069
      2.78460      3.73251
      2.78610      3.79470
      2.78750      3.74868
      2.78900      3.76243
      2.79060      3.81394
      2.79210      3.82813
      2.79360      3.84243
      2.79510      3.86759
      2.79660      4.01268
      2.79810      4.02627
      2.79960      4.08215
      2.80110      4.12280
      2.80260      4.29533
      2.80410      4.28208
      2.80570      4.17917
      2.80720      4.19139
      2.80870      4.19618
      2.81020      4.22609
      2.81170      4.30111
      2.81330      4.42604
      2.81480      4.50416
      2.81630      4.54246
      2.81780      4.59643
      2.81940      4.56800
      2.82090      4.50621
      2.82250      4.50313
      2.82400      4.53621
      2.82550      4.54506
      2.82710      4.40571
      2.82860      4.33455
      2.83020      4.48843
      2.83170      4.50372
      2.83320      4.39890
      2.83480      4.52960
      2.83630      4.61786
      2.83790      4.65117
      2.83950      4.60855
      2.84100      4.49660
      2.84260      4.47249
      2.84410      4.47838
      2.84570      4.46612
      2.84720      4.49159
      2.84880      4.52287
      2.85040      4.46179
      2.85190      4.35963
      2.85350      4.39010
      2.85510      4.39812
      2.85670      4.36242
      2.85820      4.32829
      2.85980      4.29785
      2.86140      4.24146
      2.86300      4.28472
      2.86460      4.28966
      2.86610      4.28254
      2.86770      4.25670
      2.86930      4.16639
      2.87090      4.15776
      2.87250      4.18706
      2.87410      4.19680
      2.87570      4.22314
      2.87730      4.19996
      2.87890      4.08607
      2.88050      4.04586
      2.88210      4.07019
      2.88370      4.10163
      2.88530      4.03695
      2.88690      3.98568
      2.88850      4.03387
      2.89010      3.96089
      2.89170      3.92196
      2.89330      3.98192
      2.89490      3.96929
      2.89660      3.96197
      2.89820      3.97987
      2.89980      4.09620
      2.90140      4.16598
      2.90300      4.10390
      2.90470      4.01415
      2.90630      3.92100
      2.90790      3.86939
      2.90960      3.89242
      2.91120      3.88275
      2.91280      3.94624
      2.91450      4.04197
      2.91610      4.03541
      2.91780      3.95704
      2.91940      3.87652
      2.92100      3.80880
      2.92270      3.77581
      2.92430      3.95075
      2.92600      4.03362
      2.92760      3.98275
      2.92930      3.86948
      2.93090      3.78320
      2.93260      3.84001
      2.93430      3.84121
      2.93590      3.84579
      2.93760      3.84840
      2.93930      3.81718
      2.94090      3.86801
      2.94260      3.95306
      2.94430      3.87635
      2.94590      3.83795
      2.94760      3.90514
      2.94930      3.93884
      2.95100      3.91494
      2.95260      3.86985
      2.95430      3.87812
      2.95600      3.88141
      2.95770      3.85095
      2.95940      3.89364
      2.96110      3.97237
      2.96280      3.98395
      2.96450      3.97848
      2.96620      4.06736
      2.96790      4.07142
      2.96960      4.16698
      2.97130      4.23053
      2.97300      4.19238
      2.97470      4.14875
      2.97640      4.06728
      2.97810      4.02480
      2.97980      4.10112
      2.98150      4.15060
      2.98320      4.13160
      2.98490      4.18174
      2.98670      4.21035
      2.98840      4.23174
      2.99010      4.23995
      2.99180      4.25486
      2.99360      4.28002
      2.99530      4.34448
      2.99700      4.36468
      2.99880      4.31366
      3.00050      4.31131
      3.00220      4.36803
      3.00400      4.37465
      3.00570      4.41023
      3.00740      4.47859
      3.00920      4.45093
      3.01090      4.51199
      3.01270      4.50312
      3.01440      4.45808
      3.01620      4.54570
      3.01800      4.68444
      3.01970      4.60408
      3.02150      4.52279
      3.02320      4.55521
      3.02500      4.61851
      3.02680      4.69593
      3.02850      4.64268
      3.03030      4.61982
      3.03210      4.74243
      3.03380      4.78065
      3.03560      4.76122
      3.03740      4.81304
      3.03920      4.90955
      3.04100      4.84541
      3.04270      4.78219
      3.04450      4.83210
      3.04630      4.94061
      3.04810      4.92738
      3.04990      4.90646
      3.05170      4.84748
      3.05350      4.89155
      3.05530      4.92600
      3.05710      4.85891
      3.05890      4.88944
      3.06070      5.00815
      3.06250      4.92425
      3.06430      4.90866
      3.06610      4.95564
      3.06800      4.95895
      3.06980      5.03950
      3.07160      5.04742
      3.07340      5.07865
      3.07520      5.06940
      3.07710      4.96663
      3.07890      4.90694
      3.08070      5.10663
      3.08250      5.20846
      3.08440      5.16087
      3.08620      5.19483
      3.08810      5.23522
      3.08990      5.16127
      3.09170      5.18208
      3.09360      5.26655
      3.09540      5.32334
      3.09730      5.39085
      3.09910      5.45276
      3.10100      5.43029
      3.10280      5.42247
      3.10470      5.47579
      3.10660      5.61391
      3.10840      5.61865
      3.11030      5.48128
      3.11210      5.52985
      3.11400      5.74889
      3.11590      5.72698
      3.11780      5.70900
      3.11960      5.78681
      3.12150      5.82369
      3.12340      5.91578
      3.12530      6.01624
      3.12720      6.05427
      3.12910      6.12240
      3.13090      6.20463
      3.13280      6.31197
      3.13470      6.26729
      3.13660      6.21626
      3.13850      6.29543
      3.14040      6.39663
      3.14230      6.50549
      3.14420      6.58875
      3.14610      6.55020
      3.14810      6.49239
      3.15000      6.59962
      3.15190      6.76417
      3.15380      6.88748
      3.15570      6.91782
      3.15760      6.90540
      3.15960      6.92209
      3.16150      6.93684
      3.16340      7.09032
      3.16530      7.24379
      3.16730      7.18691
      3.16920      7.24899
      3.17120      7.47616
      3.17310      7.63944
      3.17500      7.69056
      3.17700      7.58719
      3.17890      7.57812
      3.18090      7.67023
      3.18280      7.71802
      3.18480      7.85319
      3.18670      8.00432
      3.18870      8.09075
      3.19070      8.25230
      3.19260      8.32611
      3.19460      8.37111
      3.19660      8.38564
      3.19850      8.45678
      3.20050      8.54132
      3.20250      8.61293
      3.20450      8.59164
      3.20650      8.58990
      3.20840      8.68526
      3.21040      8.92029
      3.21240      9.08561
      3.21440      9.06742
      3.21640      9.14904
      3.21840      9.23418
      3.22040      9.30724
      3.22240      9.36932
      3.22440      9.36359
      3.22640      9.42311
      3.22840      9.59314
      3.23040      9.70658
      3.23240      9.72516
      3.23450      9.87210
      3.23650      10.0306
      3.23850      10.1713
      3.24050      10.2291
      3.24260      10.3000
      3.24460      10.4005
      3.24660      10.4870
      3.24860      10.5550
      3.25070      10.6616
      3.25270      10.7729
      3.25480      10.8287
      3.25680      10.8416
      3.25890      10.9115
      3.26090      11.0420
      3.26300      11.1930
      3.26500      11.1982
      3.26710      11.2295
      3.26910      11.4589
      3.27120      11.6825
      3.27330      11.7452
      3.27530      11.7522
      3.27740      11.8430
      3.27950      11.9344
      3.28150      12.0815
      3.28360      12.1682
      3.28570      12.1992
      3.28780      12.3223
      3.28990      12.4603
      3.29200      12.5260
      3.29410      12.6200
      3.29610      12.8362
      3.29820      12.9563
      3.30030      12.9867
      3.30240      13.0878
      3.30460      13.2095
      3.30670      13.4111
      3.30880      13.5899
      3.31090      13.6285
      3.31300      13.7285
      3.31510      13.8867
      3.31720      13.9622
      3.31940      13.9830
      3.32150      14.0885
      3.32360      14.2168
      3.32570      14.2972
      3.32790      14.3979
      3.33000      14.5245
      3.33220      14.6576
      3.33430      14.7585
      3.33640      14.8751
      3.33860      14.9928
      3.34070      15.1886
      3.34290      15.3003
      3.34510      15.3034
      3.34720      15.4180
      3.34940      15.5907
      3.35150      15.7201
      3.35370      15.8050
      3.35590      15.9007
      3.35810      15.9709
      3.36020      16.0971
      3.36240      16.2217
      3.36460      16.2833
      3.36680      16.3607
      3.36900      16.5268
      3.37120      16.6029
      3.37340      16.6769
      3.37550      16.7399
      3.37770      16.8544
      3.37990      17.0265
      3.38220      17.1435
      3.38440      17.2605
      3.38660      17.3559
      3.38880      17.3843
      3.39100      17.4942
      3.39320      17.5587
      3.39540      17.6463
      3.39770      17.9135
      3.39990      17.9948
      3.40210      17.9633
      3.40440      17.9678
      3.40660      18.0111
      3.40880      18.1416
      3.41110      18.1730
      3.41330      18.2043
      3.41560      18.3445
      3.41780      18.4275
      3.42010      18.6006
      3.42230      18.7818
      3.42460      18.9604
      3.42690      19.1225
      3.42910      19.3141
      3.43140      19.6121
      3.43370      19.8680
      3.43590      19.9574
      3.43820      20.1009
      3.44050      20.3268
      3.44280      20.4817
      3.44510      20.5030
      3.44740      20.5764
      3.44970      20.7501
      3.45200      20.9246
      3.45430      21.0663
      3.45660      21.1815
      3.45890      21.2723
      3.46120      21.4282
      3.46350      21.5599
      3.46580      21.6607
      3.46810      21.7675
      3.47040      21.9051
      3.47280      22.0239
      3.47510      22.1767
      3.47740      22.3091
      3.47980      22.3342
      3.48210      22.4069
      3.48440      22.5325
      3.48680      22.6235
      3.48910      22.8349
      3.49150      22.9894
      3.49380      23.0218
      3.49620      23.0550
      3.49850      22.9895
      3.50090      22.9947
      3.50330      23.1494
      3.50560      23.3000
      3.50800      23.5753
      3.51040      23.7864
      3.51280      23.9190
      3.51510      24.1061
      3.51750      24.2655
      3.51990      24.4551
      3.52230      24.6321
      3.52470      24.6980
      3.52710      24.8444
      3.52950      25.0025
      3.53190      25.1496
      3.53430      25.2722
      3.53670      25.4098
      3.53910      25.5431
      3.54160      25.6544
      3.54400      25.7365
      3.54640      25.8964
      3.54880      26.0484
      3.55130      26.1757
      3.55370      26.2829
      3.55610      26.3437
      3.55860      26.5149
      3.56100      26.6461
      3.56350      26.7610
      3.56590      26.9045
      3.56840      26.9888
      3.57080      27.0857
      3.57330      27.1668
      3.57580      27.2490
      3.57820      27.3600
      3.58070      27.5677
      3.58320      27.7786
      3.58560      27.8937
      3.58810      27.9244
      3.59060      28.0077
      3.59310      28.1753
      3.59560      28.3591
      3.59810      28.4004
      3.60060      28.4540
      3.60310      28.5768
      3.60560      28.6359
      3.60810      28.7222
      3.61060      28.8953
      3.61310      29.0431
      3.61560      29.1757
      3.61820      29.3310
      3.62070      29.4594
      3.62320      29.4612
      3.62580      29.5314
      3.62830      29.6684
      3.63080      29.7806
      3.63340      29.8950
      3.63590      30.0009
      3.63850      30.1612
      3.64100      30.3216
      3.64360      30.3441
      3.64620      30.3702
      3.64870      30.4991
      3.65130      30.6532
      3.65390      30.7103
      3.65640      30.7241
      3.65900      30.8599
      3.66160      30.9857
      3.66420      31.0514
      3.66680      31.1512
      3.66940      31.2916
      3.67200      31.3539
      3.67460      31.2575
      3.67720      31.3030
      3.67980      31.4150
      3.68240      31.4961
      3.68500      31.5953
      3.68770      31.7164
      3.69030      31.7938
      3.69290      31.8331
      3.69550      31.8285
      3.69820      31.8592
      3.70080      31.9293
      3.70350      31.9509
      3.70610      32.0566
      3.70880      32.1388
      3.71140      32.1663
      3.71410      32.2980
      3.71670      32.3745
      3.71940      32.3836
      3.72210      32.4985
      3.72470      32.4907
      3.72740      32.4579
      3.73010      32.5952
      3.73280      32.7323
      3.73550      32.8247
      3.73820      32.8883
      3.74090      32.9173
      3.74360      33.0010
      3.74630      33.1272
      3.74900      33.2365
      3.75170      33.3601
      3.75440      33.4453
      3.75710      33.5702
      3.75990      33.7029
      3.76260      33.7220
      3.76530      33.7560
      3.76810      33.8675
      3.77080      33.9439
      3.77350      34.0469
      3.77630      34.2081
      3.77900      34.3067
      3.78180      34.4030
      3.78460      34.4638
      3.78730      34.5084
      3.79010      34.5658
      3.79290      34.7131
      3.79560      34.8149
      3.79840      34.8875
      3.80120      34.8941
      3.80400      34.8220
      3.80680      34.8425
      3.80960      34.9455
      3.81240      35.0467
      3.81520      35.1228
      3.81800      35.1443
      3.82080      35.2004
      3.82360      35.2150
      3.82640      35.2302
      3.82930      35.2324
      3.83210      35.1779
      3.83490      35.2844
      3.83780      35.4123
      3.84060      35.3851
      3.84350      35.4148
      3.84630      35.4933
      3.84920      35.5558
      3.85200      35.5642
      3.85490      35.5881
      3.85780      35.6379
      3.86060      35.6216
      3.86350      35.6773
      3.86640      35.7468
      3.86930      35.8129
      3.87220      35.8666
      3.87510      35.9829
      3.87800      36.0344
      3.88090      35.9887
      3.88380      36.0350
      3.88670      36.1053
      3.88960      36.1575
      3.89250      36.2280
      3.89540      36.2973
      3.89840      36.3168
      3.90130      36.3917
      3.90420      36.4556
      3.90720      36.4723
      3.91010      36.5284
      3.91310      36.5602
      3.91600      36.5151
      3.91900      36.4739
      3.92200      36.4090
      3.92490      36.4058
      3.92790      36.5171
      3.93090      36.5337
      3.93390      36.4718
      3.93690      36.4634
      3.93980      36.4362
      3.94280      36.3609
      3.94580      36.3114
      3.94890      36.3500
      3.95190      36.3605
      3.95490      36.2523
      3.95790      36.2417
      3.96090      36.2339
      3.96390      36.1459
      3.96700      36.0706
      3.97000      36.0676
      3.97310      36.0602
      3.97610      36.0161
      3.97920      35.9568
      3.98220      35.9128
      3.98530      35.8683
      3.98830      35.8115
      3.99140      35.7414
      3.99450      35.7491
      3.99760      35.7446
      4.00060      35.6863
      4.00370      35.6990
      4.00680      35.7070
      4.00990      35.6756
      4.01300      35.6201
      4.01610      35.5738
      4.01930      35.5929
      4.02240      35.6040
      4.02550      35.5469
      4.02860      35.4804
      4.03180      35.4527
      4.03490      35.3998
      4.03800      35.3786
      4.04120      35.4490
      4.04430      35.4800
      4.04750      35.4410
      4.05070      35.3648
      4.05380      35.3109
      4.05700      35.2260
      4.06020      35.1886
      4.06340      35.1786
      4.06650      35.1185
      4.06970      35.0171
      4.07290      34.9445
      4.07610      34.9040
      4.07930      34.9039
      4.08260      34.8028
      4.08580      34.6743
      4.08900      34.5514
      4.09220      34.4666
      4.09550      34.3992
      4.09870      34.3208
      4.10190      34.2207
      4.10520      34.1619
      4.10840      34.0517
      4.11170      33.9196
      4.11500      33.8635
      4.11820      33.7866
      4.12150      33.7590
      4.12480      33.6472
      4.12810      33.5441
      4.13130      33.4752
      4.13460      33.2889
      4.13790      33.1459
      4.14120      33.0921
      4.14460      33.0175
      4.14790      32.9257
      4.15120      32.8232
      4.15450      32.7943
      4.15790      32.7779
      4.16120      32.6652
      4.16450      32.5142
      4.16790      32.4975
      4.17120      32.4226
      4.17460      32.2955
      4.17800      32.2410
      4.18130      32.1529
      4.18470      32.0405
      4.18810      31.9241
      4.19150      31.8308
      4.19490      31.7830
      4.19830      31.6314
      4.20170      31.3891
      4.20510      31.1692
      4.20850      31.0702
      4.21190      30.9559
      4.21530      30.7363
      4.21870      30.5353
      4.22220      30.3505
      4.22560      30.1269
      4.22910      30.0406
      4.23250      29.9282
      4.23600      29.8342
      4.23940      29.8227
      4.24290      29.9003
      4.24640      29.9414
      4.24990      29.9709
      4.25340      30.1395
      4.25680      30.1898
      4.26030      29.9408
      4.26380      29.5984
      4.26740      29.4217
      4.27090      29.2988
      4.27440      29.1690
      4.27790      29.1171
      4.28150      29.0661
      4.28500      28.9861
      4.28850      28.9565
      4.29210      29.0202
      4.29560      29.1003
      4.29920      29.1735
      4.30280      29.2168
      4.30630      29.2645
      4.30990      29.3305
      4.31350      29.3502
      4.31710      29.3858
      4.32070      29.4915
      4.32430      29.5779
      4.32790      29.5939
      4.33150      29.5304
      4.33510      29.4118
      4.33880      29.2892
      4.34240      29.2088
      4.34610      29.0988
      4.34970      28.9783
      4.35340      28.8695
      4.35700      28.7835
      4.36070      28.5994
      4.36430      28.3863
      4.36800      28.1963
      4.37170      28.0386
      4.37540      27.8823
      4.37910      27.6809
      4.38280      27.4829
      4.38650      27.2256
      4.39020      26.9578
      4.39390      26.7338
      4.39770      26.4996
      4.40140      26.3198
      4.40510      26.1164
      4.40890      25.8921
      4.41260      25.7320
      4.41640      25.6613
      4.42020      25.5574
      4.42390      25.3581
      4.42770      25.1541
      4.43150      24.9501
      4.43530      24.8161
      4.43910      24.6834
      4.44290      24.5980
      4.44670      24.5052
      4.45050      24.3138
      4.45430      24.1125
      4.45820      23.9109
      4.46200      23.8091
      4.46580      23.7263
      4.46970      23.6270
      4.47350      23.6430
      4.47740      23.6962
      4.48130      23.7665
      4.48520      23.8459
      4.48900      23.9577
      4.49290      24.0968
      4.49680      24.2296
      4.50070      24.3640
      4.50460      24.5278
      4.50860      24.8208
      4.51250      25.1375
      4.51640      25.4227
      4.52030      25.6405
      4.52430      25.8389
      4.52820      26.0494
      4.53220      26.2594
      4.53620      26.4821
      4.54010      26.6455
      4.54410      26.6839
      4.54810      26.7778
      4.55210      26.9142
      4.55610      26.9935
      4.56010      26.9959
      4.56410      26.9958
      4.56810      27.0273
      4.57220      27.0223
      4.57620      27.0154
      4.58020      26.9797
      4.58430      26.9514
      4.58840      26.9374
      4.59240      26.8925
      4.59650      26.7757
      4.60060      26.6583
      4.60470      26.5569
      4.60870      26.4066
      4.61280      26.2628
      4.61700      26.1720
      4.62110      26.1391
      4.62520      25.9703
      4.62930      25.7715
      4.63350      25.6048
      4.63760      25.3645
      4.64180      25.1955
      4.64590      25.0062
      4.65010      24.7612
      4.65430      24.5446
      4.65840      24.3306
      4.66260      24.0761
      4.66680      23.8388
      4.67100      23.6117
      4.67520      23.3492
      4.67950      23.1159
      4.68370      23.0523
      4.68790      23.1917
      4.69220      23.3861
      4.69640      23.5746
      4.70070      23.7862
      4.70490      23.8951
      4.70920      23.9781
      4.71350      24.0894
      4.71780      24.1829
      4.72210      24.1936
      4.72640      24.1848
      4.73070      24.2187
      4.73500      24.1807
      4.73930      24.0851
      4.74370      24.0154
      4.74800      23.8646
      4.75240      23.7391
      4.75670      23.7583
      4.76110      23.7266
      4.76550      23.6174
      4.76990      23.4824
      4.77430      23.3910
      4.77870      23.1811
      4.78310      22.9580
      4.78750      22.8690
      4.79190      22.8150
      4.79630      22.7420
      4.80080      22.5970
      4.80520      22.3861
      4.80970      22.2223
      4.81420      22.0540
      4.81860      21.9447
      4.82310      21.7877
      4.82760      21.5694
      4.83210      21.3952
      4.83660      21.1639
      4.84110      20.9299
      4.84560      20.6870
      4.85020      20.4487
      4.85470      20.1772
      4.85930      19.8850
      4.86380      19.5549
      4.86840      19.1747
      4.87300      18.7563
      4.87760      18.2096
      4.88210      17.6361
      4.88670      17.0972
      4.89140      16.5209
      4.89600      15.9216
      4.90060      15.2454
      4.90520      14.5224
      4.90990      13.9361
      4.91450      13.4187
      4.91920      12.9470
      4.92390      12.5846
      4.92860      12.4002
      4.93320      12.3066
      4.93790      12.1534
      4.94260      11.9517
      4.94740      11.6752
      4.95210      11.3938
      4.95680      11.1990
      4.96160      10.9220
      4.96630      10.6352
      4.97110      10.3063
      4.97590      9.98001
      4.98060      9.63861
      4.98540      9.45068
      4.99020      9.37433
      4.99500      9.26575
      4.99980      9.16656
      5.00470      9.11956
      5.00950      9.08811
      5.01440      9.05880
      5.01920      9.07892
      5.02410      9.04534
      5.02890      8.98679
      5.03380      8.99477
      5.03870      8.89667
      5.04360      8.84049
      5.04850      8.95161
      5.05340      8.95375
      5.05840      8.84014
      5.06330      8.85883
      5.06830      8.90976
      5.07320      8.95192
      5.07820      9.08695
      5.08320      9.25245
      5.08820      9.34101
      5.09320      9.41219
      5.09820      9.48459
      5.10320      9.59090
      5.10820      9.63897
      5.11330      9.64302
      5.11830      9.57452
      5.12340      9.50500
      5.12840      9.41992
      5.13350      9.33044
      5.13860      9.40398
      5.14370      9.53476
      5.14880      9.56830
      5.15390      9.53208
      5.15900      9.53947
      5.16420      9.57132
      5.16930      9.59501
      5.17450      9.58346
      5.17970      9.62128
      5.18480      9.60892
      5.19000      9.54288
      5.19520      9.54897
      5.20040      9.50977
      5.20570      9.39569
      5.21090      9.29000
      5.21610      9.07898
      5.22140      8.77749
      5.22670      8.41631
      5.23190      8.01518
      5.23720      7.70469
      5.24250      7.46001
      5.24780      7.22662
      5.25310      6.92581
      5.25850      6.68025
      5.26380      6.52470
      5.26910      6.33334
      5.27450      6.14139
      5.27990      6.00296
      5.28530      5.89310
      5.29070      5.76897
      5.29610      5.66167
      5.30150      5.54453
      5.30690      5.48226
      5.31230      5.53263
      5.31780      5.49452
      5.32320      5.34681
      5.32870      5.28986
      5.33420      5.22735
      5.33970      5.18626
      5.34520      5.20818
      5.35070      5.30920
      5.35620      5.36060
      5.36180      5.33006
      5.36730      5.33313
      5.37290      5.43989
      5.37850      5.61493
      5.38400      5.84508
      5.38960      6.14288
      5.39530      6.41128
      5.40090      6.67307
      5.40650      6.95980
      5.41210      7.28390
      5.41780      7.63342
      5.42350      7.92425
      5.42910      8.00358
      5.43480      8.15656
      5.44050      8.30846
      5.44630      8.35288
      5.45200      8.25459
      5.45770      8.27130
      5.46350      8.34805
      5.46920      8.23325
      5.47500      8.10086
      5.48080      7.90677
      5.48660      7.63238
      5.49240      7.50414
      5.49820      7.42098
      5.50410      7.29871
      5.50990      7.11607
      5.51580      7.01385
      5.52170      6.88093
      5.52750      6.73954
      5.53340      6.62899
      5.53940      6.56892
      5.54530      6.49217
      5.55120      6.39111
      5.55720      6.30717
      5.56310      6.27588
      5.56910      6.23781
      5.57510      6.32106
      5.58110      6.33510
      5.58710      6.23579
      5.59310      6.16241
      5.59920      6.22995
      5.60520      6.37556
      5.61130      6.48062
      5.61740      6.57114
      5.62350      6.58089
      5.62960      6.71948
      5.63570      7.09517
      5.64180      7.53028
      5.64800      7.63165
      5.65410      7.71522
      5.66030      7.87381
      5.66650      8.13588
      5.67270      8.50932
      5.67890      8.67265
      5.68510      8.71811
      5.69140      8.91629
      5.69760      8.93869
      5.70390      8.90931
      5.71020      8.97361
      5.71650      8.85201
      5.72280      8.82719
      5.72910      8.74235
      5.73540      8.57178
      5.74180      8.43042
      5.74820      8.33139
      5.75450      8.11937
      5.76090      8.28023
      5.76730      8.33957
      5.77380      7.79884
      5.78020      7.42037
      5.78670      7.21039
      5.79310      7.03632
      5.79960      6.91793
      5.80610      6.78728
      5.81260      6.72438
      5.81910      6.75920
      5.82570      6.56764
      5.83220      6.12685
      5.83880      5.79589
      5.84540      5.59046
      5.85200      5.47333
      5.85860      5.34413
      5.86520      5.17924
      5.87180      5.04041
      5.87850      5.08348
      5.88520      4.83399
      5.89190      4.45890
      5.89860      4.22121
      5.90530      3.84816
      5.91200      3.71947
      5.91880      3.66057
      5.92550      3.59272
      5.93230      3.54084
      5.93910      3.36850
      5.94590      3.23571
      5.95270      3.16219
      5.95960      3.14122
      5.96640      3.22198
      5.97330      3.13522
      5.98020      3.04476
      5.98710      3.05826
      5.99400      3.00411
      6.00100      2.93206
      6.00790      2.90244
      6.01490      2.90278
      6.02190      2.80930
      6.02890      2.71000
      6.03590      2.75544
      6.04290      2.96168
      6.05000      2.97784
      6.05710      2.71557
      6.06410      2.72592
      6.07120      2.78442
      6.07840      2.62066
      6.08550      2.47964
      6.09260      2.44133
      6.09980      2.39272
      6.10700      2.45799
      6.11420      2.52154
      6.12140      2.35932
      6.12860      2.25144
      6.13590      2.28600
      6.14320      2.30293
      6.15050      2.33121
      6.15780      2.46354
      6.16510      2.45119
      6.17240      2.37784
      6.17980      2.55421
      6.18720      2.62609
      6.19450      2.58496
      6.20200      2.59476
      6.20940      2.66405
      6.21680      2.77766
      6.22430      2.83999
      6.23180      2.85638
      6.23930      2.94817
      6.24680      3.14718
      6.25430      3.26285
      6.26190      3.27379
      6.26950      3.30598
      6.27700      3.42031
      6.28470      3.59105
      6.29230      3.80323
      6.29990      3.96469
      6.30760      4.02490
      6.31530      4.06266
      6.32300      4.19954
      6.33070      4.40918
      6.33840      4.64413
      6.34620      4.70523
      6.35400      4.53390
      6.36180      4.61897
      6.36960      4.92060
      6.37740      5.07728
      6.38530      5.17601
      6.39310      5.25934
      6.40100      5.41621
      6.40890      5.98256
      6.41690      6.24540
      6.42480      5.77108
      6.43280      5.47055
      6.44080      5.36677
      6.44880      5.41012
      6.45680      5.40306
      6.46490      5.27905
      6.47300      5.20773
      6.48100      5.20948
      6.48920      5.26021
      6.49730      5.12184
      6.50540      4.65127
      6.51360      4.35679
      6.52180      4.22843
      6.53000      4.08931
      6.53830      3.98142
      6.54650      3.91373
      6.55480      3.94778
      6.56310      4.02240
      6.57140      4.09451
      6.57970      4.06293
      6.58810      4.04648
      6.59650      3.99825
      6.60490      4.02304
      6.61330      4.12608
      6.62180      4.17250
      6.63020      4.37269
      6.63870      4.44937
      6.64720      4.21598
      6.65580      4.03190
      6.66430      4.03695
      6.67290      4.07915
      6.68150      4.00717
      6.69010      3.74576
      6.69880      3.63760
      6.70740      3.79615
      6.71610      3.88291
      6.72480      3.79401
      6.73360      3.77963
      6.74230      3.73936
      6.75110      3.74073
      6.75990      3.83240
      6.76870      3.90268
      6.77760      4.01955
      6.78640      4.16576
      6.79530      4.01973
      6.80420      3.85968
      6.81320      3.91823
      6.82220      3.95131
      6.83110      3.80974
      6.84020      3.68527
      6.84920      3.74628
      6.85820      3.97421
      6.86730      4.05786
      6.87640      3.79471
      6.88560      3.62776
      6.89470      3.70439
      6.90390      3.82490
      6.91310      3.81162
      6.92230      3.74521
      6.93160      3.68265
      6.94090      3.65505
      6.95020      3.53137
      6.95950      3.58982
      6.96890      3.50277
      6.97820      3.32089
      6.98770      3.34860
      6.99710      3.34124
      7.00650      3.31293
      7.01600      3.26480
      7.02550      3.11497
      7.03510      3.08070
      7.04460      3.18854
      7.05420      3.11992
      7.06380      3.05094
      7.07340      3.04815
      7.08310      2.99672
      7.09280      3.01858
      7.10250      3.10007
      7.11230      3.02003
      7.12200      2.97690
      7.13180      2.96343
      7.14160      2.91391
      7.15150      2.84667
      7.16140      2.86514
      7.17130      2.93833
      7.18120      2.80211
      7.19120      2.72083
      7.20120      2.75308
      7.21120      2.71885
      7.22120      2.67730
      7.23130      2.68821
      7.24140      2.60646
      7.25150      2.52934
      7.26170      2.50599
      7.27190      2.43057
      7.28210      2.33456
      7.29230      2.29089
      7.30260      2.33062
      7.31290      2.35846
      7.32320      2.26857
      7.33360      2.25770
      7.34400      2.30629
      7.35440      2.30588
      7.36480      2.28244
      7.37530      2.21531
      7.38580      2.14157
      7.39630      2.20175
      7.40690      2.17998
      7.41750      2.13856
      7.42810      2.15043
      7.43880      2.22097
      7.44950      2.21941
      7.46020      2.11745
      7.47090      2.05772
      7.48170      2.09117
      7.49250      2.10715
      7.50340      2.11932
      7.51430      2.14780
      7.52520      2.07442
      7.53610      2.10061
      7.54710      2.21014
      7.55810      2.17949
      7.56910      2.08774
      7.58020      2.18111
      7.59130      2.15154
      7.60240      2.13124
      7.61360      2.16788
      7.62480      2.18622
      7.63600      2.23557
      7.64730      2.32888
      7.65860      2.31538
      7.66990      2.27797
      7.68120      2.30365
      7.69260      2.43046
      7.70410      2.49279
      7.71550      2.55062
      7.72700      2.56905
      7.73860      2.64905
      7.75010      2.69611
      7.76170      2.70216
      7.77340      2.67740
      7.78500      2.72314
      7.79670      2.75931
      7.80850      2.73275
      7.82030      2.72976
      7.83210      2.85235
      7.84390      2.99394
      7.85580      3.17517
      7.86770      3.37761
      7.87970      3.58590
      7.89170      3.73755
      7.90370      3.87636
      7.91580      4.05115
      7.92790      4.36841
      7.94000      4.72752
      7.95220      5.07536
      7.96440      5.39228
      7.97670      5.69674
      7.98900      5.94009
      8.00130      6.16789
      8.01370      6.48019
      8.02610      6.82151
      8.03850      7.23097
      8.05100      7.70217
      8.06350      8.06435
      8.07610      8.48527
      8.08870      9.15931
      8.10130      9.90101
      8.11400      10.3996
      8.12670      10.8846
      8.13950      11.4706
      8.15230      12.0149
      8.16510      12.4372
      8.17800      12.7481
      8.19090      12.8900
      8.20390      12.8453
      8.21690      12.8093
      8.22990      12.8161
      8.24300      12.6961
      8.25610      12.3997
      8.26930      12.1763
      8.28250      11.9960
      8.29570      11.7398
      8.30900      11.4670
      8.32240      11.1906
      8.33570      10.9633
      8.34920      10.7613
      8.36260      10.6863
      8.37610      10.6204
      8.38970      10.3260
      8.40330      10.1738
      8.41690      10.1187
      8.43060      9.95727
      8.44440      9.80036
      8.45810      9.81984
      8.47200      9.87432
      8.48580      9.64642
      8.49970      9.36283
      8.51370      9.23041
      8.52770      9.11165
      8.54170      9.05153
      8.55580      8.90602
      8.57000      8.58017
      8.58420      8.24756
      8.59840      7.70634
      8.61270      7.15983
      8.62700      6.90991
      8.64140      7.12212
      8.65580      7.59595
      8.67030      8.04292
      8.68480      8.28688
      8.69940      8.45979
      8.71400      8.60226
      8.72870      8.73171
      8.74340      8.81648
      8.75820      8.90042
      8.77300      8.94878
      8.78790      8.94367
      8.80280      8.88077
      8.81770      8.89883
      8.83280      8.98612
      8.84780      9.05222
      8.86300      9.00189
      8.87810      8.90085
      8.89340      8.80034
      8.90870      8.64126
      8.92400      8.38167
      8.93940      8.13402
      8.95480      8.02004
      8.97030      8.02949
      8.98590      8.00265
      9.00150      7.96018
      9.01710      8.10271
      9.03280      8.22267
      9.04860      8.17543
      9.06440      8.16850
      9.08030      8.43135
      9.09620      8.62379
      9.11220      8.85614
      9.12820      8.94563
      9.14430      8.92289
      9.16050      8.90005
      9.17670      9.11828
      9.19300      9.30278
      9.20930      9.46409
      9.22570      9.55687
      9.24210      9.49679
      9.25860      9.50645
      9.27520      9.48455
      9.29180      9.56793
      9.30850      9.68046
      9.32520      9.54696
      9.34200      9.43887
      9.35890      9.23120
      9.37580      8.98792
      9.39280      8.78801
      9.40990      8.60394
      9.42700      8.39087
      9.44410      8.22156
      9.46140      8.09988
      9.47870      7.92435
      9.49600      7.73448
      9.51350      7.65739
      9.53090      7.50836
      9.54850      7.42457
      9.56610      7.36351
      9.58380      7.22756
      9.60160      7.10601
      9.61940      6.94046
      9.63720      6.74731
      9.65520      6.70633
      9.67320      6.65712
      9.69130      6.49234
      9.70940      6.23860
      9.72760      6.00323
      9.74590      5.88700
      9.76430      5.74366
      9.78270      5.60578
      9.80120      5.60163
      9.81980      5.48773
      9.83840      5.40068
      9.85710      5.41591
      9.87590      5.42404
      9.89470      5.32245
      9.91360      5.21920
      9.93260      5.23870
      9.95170      5.20734
      9.97080      5.04103
      9.99010      4.84181
      10.0093      4.80933
      10.0287      4.77863
      10.0481      4.71775
      10.0676      4.68844
      10.0872      4.62311
      10.1069      4.50244
      10.1266      4.24700
      10.1464      4.10245
      10.1663      4.06281
      10.1863      4.08724
      10.2064      4.06745
      10.2265      3.91495
      10.2467      3.69626
      10.2670      3.66309
      10.2874      3.73911
      10.3078      3.73352
      10.3284      3.66401
      10.3490      3.63183
      10.3697      3.68223
      10.3904      3.59764
      10.4113      3.51548
      10.4323      3.51938
      10.4533      3.47721
      10.4744      3.33075
      10.4956      3.32128
      10.5169      3.23150
      10.5383      3.11455
      10.5597      3.07807
      10.5813      3.06426
      10.6029      3.02481
      10.6247      2.98305
      10.6465      2.98911
      10.6684      3.04262
      10.6904      2.98008
      10.7125      2.96504
      10.7346      2.98543
      10.7569      2.93105
      10.7793      2.92725
      10.8017      2.95814
      10.8243      2.97096
      10.8469      3.04101
      10.8697      3.03654
      10.8925      3.02237
      10.9154      3.07368
      10.9385      3.10406
      10.9616      3.08507
      10.9848      3.04449
      11.0081      3.02131
      11.0316      2.96661
      11.0551      3.06596
      11.0787      3.26097
      11.1024      3.22182
      11.1263      3.21839
      11.1502      3.29298
      11.1742      3.40546
      11.1983      3.40858
      11.2226      3.33790
      11.2469      3.30992
      11.2714      3.16534
      11.2959      3.11622
      11.3206      3.14539
      11.3454      3.11350
      11.3702      3.15198
      11.3952      3.13580
      11.4203      3.08240
      11.4455      3.04601
      11.4709      2.97325
      11.4963      3.03838
      11.5219      3.24963
      11.5475      3.27556
      11.5733      3.15428
      11.5992      3.10221
      11.6252      3.08179
      11.6513      3.11775
      11.6776      3.22552
      11.7039      3.19361
      11.7304      3.01594
      11.7570      2.94239
      11.7837      3.13109
      11.8106      3.20467
      11.8375      3.07666
      11.8646      2.98559
      11.8918      2.84730
      11.9192      2.69389
      11.9466      2.44937
      11.9742      2.25506
      12.0019      2.16868
      12.0298      2.09535
      12.0578      1.95058
      12.0859      1.92428
      12.1141      1.96992
      12.1425      1.96418
      12.1710      1.85695
      12.1996      1.74552
      12.2284      1.71196
      12.2573      1.63624
      12.2863      1.52819
      12.3155      1.43765
      12.3448      1.42725
      12.3743      1.67813
      12.4039      1.83517
      12.4337      1.97767
      12.4635      2.11408
      12.4936      2.20436
      12.5238      2.28615
      12.5541      2.51433
      12.5845      2.61016
      12.6152      2.31200
      12.6459      2.13720
      12.6769      2.24343
      12.7079      2.49847
      12.7391      2.72112
      12.7705      2.80773
      12.8021      2.93866
      12.8337      2.97288
      12.8656      2.84397
      12.8976      2.89292
      12.9298      2.86656
      12.9621      2.65136
      12.9946      2.55814
      13.0272      2.55952
      13.0600      2.38039
      13.0930      2.31465
      13.1262      2.50297
      13.1595      2.61781
      13.1930      2.60973
      13.2266      2.42598
      13.2604      2.46240
      13.2944      2.59158
      13.3286      2.55492
      13.3630      2.43229
      13.3975      2.43711
      13.4322      2.30538
      13.4671      2.23518
      13.5022      2.41817
      13.5374      2.56684
      13.5729      2.40902
      13.6085      2.30138
      13.6443      2.37646
      13.6803      2.34458
      13.7165      2.39021
      13.7529      2.43991
      13.7895      2.24312
      13.8262      2.20514
      13.8632      2.26131
      13.9004      2.37805
      13.9377      2.33226
      13.9753      2.11239
      14.0131      1.90993
