      2.00030      42.9024
      2.00110      43.0033
      2.00190      43.0785
      2.00260      43.0880
      2.00340      42.9944
      2.00420      43.1455
      2.00500      43.4149
      2.00570      43.5798
      2.00650      43.6462
      2.00730      43.7783
      2.00810      43.9260
      2.00890      43.7649
      2.00960      43.7930
      2.01040      43.9097
      2.01120      43.9886
      2.01200      44.2017
      2.01280      44.3299
      2.01350      44.4796
      2.01430      44.4937
      2.01510      44.3778
      2.01590      44.4253
      2.01670      44.5594
      2.01740      44.6650
      2.01820      44.7744
      2.01900      44.8697
      2.01980      44.9848
      2.02060      44.9744
      2.02140      44.9780
      2.02220      45.0019
      2.02300      45.0911
      2.02370      45.2140
      2.02450      45.3881
      2.02530      45.4726
      2.02610      45.4843
      2.02690      45.6375
      2.02770      45.7898
      2.02850      45.7054
      2.02930      45.7208
      2.03010      45.8062
      2.03090      45.9639
      2.03170      45.9878
      2.03250      45.8860
      2.03330      45.8766
      2.03410      46.0660
      2.03490      46.1631
      2.03570      46.1343
      2.03650      46.2638
      2.03730      46.3552
      2.03810      46.4059
      2.03890      46.4253
      2.03970      46.3710
      2.04050      46.4901
      2.04130      46.7171
      2.04210      46.6872
      2.04290      46.7120
      2.04370      46.7886
      2.04450      46.8343
      2.04530      46.8060
      2.04610      46.8246
      2.04690      46.8327
      2.04770      46.7801
      2.04850      46.9186
      2.04930      47.0623
      2.05020      47.0441
      2.05100      47.0166
      2.05180      47.2293
      2.05260      47.2990
      2.05340      47.2174
      2.05420      47.3479
      2.05500      47.4408
      2.05580      47.2641
      2.05670      47.0854
      2.05750      47.1914
      2.05830      47.3257
      2.05910      47.3267
      2.05990      47.4073
      2.06070      47.4943
      2.06160      47.6205
      2.06240      47.7431
      2.06320      47.7001
      2.06400      47.7238
      2.06490      47.7549
      2.06570      47.7444
      2.06650      47.7826
      2.06730      47.7483
      2.06810      47.5591
      2.06900      47.5218
      2.06980      47.7087
      2.07060      47.8208
      2.07150      47.9046
      2.07230      47.9576
      2.07310      47.9360
      2.07390      47.9749
      2.07480      48.0798
      2.07560      48.0852
      2.07640      47.9674
      2.07730      48.0991
      2.07810      48.2241
      2.07890      48.1535
      2.07980      48.0021
      2.08060      47.9537
      2.08140      48.0148
      2.08230      48.0610
      2.08310      48.1045
      2.08390      48.0900
      2.08480      48.0641
      2.08560      48.0079
      2.08650      47.9370
      2.08730      47.9890
      2.08810      48.0940
      2.08900      48.0528
      2.08980      47.9725
      2.09070      48.1099
      2.09150      48.2203
      2.09240      48.2854
      2.09320      48.2322
      2.09400      48.1538
      2.09490      48.2623
      2.09570      48.3893
      2.09660      48.2108
      2.09740      48.2748
      2.09830      48.4325
      2.09910      48.4077
      2.10000      48.1904
      2.10080      48.1786
      2.10170      48.3175
      2.10250      48.3318
      2.10340      48.2469
      2.10420      48.3002
      2.10510      48.4151
      2.10590      48.3487
      2.10680      48.2706
      2.10770      48.1244
      2.10850      48.0132
      2.10940      48.1096
      2.11020      48.2864
      2.11110      48.3347
      2.11200      48.3160
      2.11280      48.3778
      2.11370      48.3593
      2.11450      48.2458
      2.11540      48.1804
      2.11630      48.0780
      2.11710      48.2315
      2.11800      48.3490
      2.11890      48.2992
      2.11970      48.3475
      2.12060      48.4564
      2.12150      48.4000
      2.12230      48.3456
      2.12320      48.4333
      2.12410      48.3819
      2.12490      48.2748
      2.12580      48.2822
      2.12670      48.3824
      2.12760      48.4250
      2.12840      48.3899
      2.12930      48.3209
      2.13020      48.2334
      2.13110      48.2475
      2.13190      48.2083
      2.13280      48.1287
      2.13370      48.2010
      2.13460      48.2542
      2.13540      48.2336
      2.13630      48.2439
      2.13720      48.1011
      2.13810      47.9912
      2.13900      47.8067
      2.13980      47.6769
      2.14070      47.7676
      2.14160      47.7027
      2.14250      47.5375
      2.14340      47.4510
      2.14430      47.3645
      2.14520      47.2644
      2.14600      47.0727
      2.14690      46.9013
      2.14780      46.7694
      2.14870      46.5366
      2.14960      46.4920
      2.15050      46.2935
      2.15140      46.0588
      2.15230      45.9370
      2.15320      45.8255
      2.15410      45.6416
      2.15500      45.2538
      2.15590      45.0727
      2.15680      45.0411
      2.15770      44.9077
      2.15860      44.6608
      2.15950      44.5502
      2.16040      44.4962
      2.16130      44.4443
      2.16220      44.3486
      2.16310      44.1853
      2.16400      44.1820
      2.16490      44.0924
      2.16580      43.8409
      2.16670      43.7436
      2.16760      43.7958
      2.16850      43.6809
      2.16940      43.5781
      2.17030      43.5520
      2.17120      43.5535
      2.17210      43.5476
      2.17300      43.4510
      2.17390      43.1968
      2.17490      43.0767
      2.17580      43.0727
      2.17670      43.1707
      2.17760      43.1230
      2.17850      42.9608
      2.17940      42.6891
      2.18030      42.3503
      2.18130      42.2850
      2.18220      42.4120
      2.18310      42.4182
      2.18400      42.1961
      2.18490      41.9464
      2.18590      41.7177
      2.18680      41.5945
      2.18770      41.4768
      2.18860      41.4342
      2.18950      41.3624
      2.19050      41.1039
      2.19140      40.8496
      2.19230      40.7294
      2.19330      40.5715
      2.19420      40.4003
      2.19510      40.2290
      2.19600      40.0947
      2.19700      40.0682
      2.19790      39.9403
      2.19880      39.6845
      2.19980      39.2345
      2.20070      38.9688
      2.20160      38.8622
      2.20260      38.5824
      2.20350      38.2526
      2.20440      37.7171
      2.20540      37.1250
      2.20630      36.5968
      2.20730      35.9954
      2.20820      35.6688
      2.20910      35.5744
      2.21010      35.9161
      2.21100      36.5740
      2.21200      37.1917
      2.21290      37.8328
      2.21390      38.4477
      2.21480      38.8762
      2.21570      39.2347
      2.21670      39.6119
      2.21760      39.7867
      2.21860      40.0004
      2.21950      40.4165
      2.22050      40.5330
      2.22140      40.5713
      2.22240      40.7043
      2.22330      40.8775
      2.22430      41.2015
      2.22530      41.2153
      2.22620      41.2928
      2.22720      41.4380
      2.22810      41.4461
      2.22910      41.4607
      2.23000      41.4650
      2.23100      41.4690
      2.23200      41.4930
      2.23290      41.5514
      2.23390      41.8082
      2.23480      41.8840
      2.23580      41.8196
      2.23680      41.7910
      2.23770      41.7376
      2.23870      41.7954
      2.23970      41.8330
      2.24060      41.9169
      2.24160      42.0736
      2.24260      41.9831
      2.24360      41.9515
      2.24450      42.0178
      2.24550      41.9962
      2.24650      42.1627
      2.24740      42.2883
      2.24840      42.3202
      2.24940      42.4886
      2.25040      42.5486
      2.25130      42.4727
      2.25230      42.5189
      2.25330      42.5411
      2.25430      42.6718
      2.25530      42.7349
      2.25620      42.7978
      2.25720      42.9413
      2.25820      43.0534
      2.25920      43.0850
      2.26020      43.1694
      2.26120      43.1643
      2.26210      43.0523
      2.26310      43.1390
      2.26410      43.4299
      2.26510      43.6212
      2.26610      43.6583
      2.26710      43.5481
      2.26810      43.4621
      2.26910      43.5074
      2.27010      43.5443
      2.27110      43.4693
      2.27210      43.3916
      2.27310      43.4890
      2.27410      43.5596
      2.27510      43.3640
      2.27610      43.1285
      2.27710      43.1043
      2.27810      43.2230
      2.27910      43.1484
      2.28010      43.0690
      2.28110      43.1032
      2.28210      43.0536
      2.28310      43.0531
      2.28410      42.9864
      2.28510      42.8312
      2.28610      42.7544
      2.28710      42.6392
      2.28810      42.5056
      2.28910      42.4081
      2.29010      42.3783
      2.29110      42.4630
      2.29220      42.3958
      2.29320      42.3815
      2.29420      42.4992
      2.29520      42.4873
      2.29620      42.2757
      2.29720      42.0583
      2.29820      42.0987
      2.29930      42.1404
      2.30030      42.0004
      2.30130      41.8941
      2.30230      41.8513
      2.30340      41.7666
      2.30440      41.7326
      2.30540      41.6675
      2.30640      41.4810
      2.30750      41.3221
      2.30850      41.2140
      2.30950      41.1439
      2.31050      41.1127
      2.31160      41.0744
      2.31260      41.0008
      2.31360      40.8346
      2.31470      40.7484
      2.31570      40.6727
      2.31670      40.5416
      2.31780      40.3389
      2.31880      40.2053
      2.31980      40.2473
      2.32090      40.1876
      2.32190      39.9934
      2.32300      39.8383
      2.32400      39.8173
      2.32500      39.7999
      2.32610      39.5060
      2.32710      39.3670
      2.32820      39.4161
      2.32920      39.3822
      2.33030      39.2857
      2.33130      39.2144
      2.33240      39.1551
      2.33340      39.0105
      2.33450      38.7690
      2.33550      38.6340
      2.33660      38.5431
      2.33760      38.4013
      2.33870      38.4043
      2.33970      38.3179
      2.34080      38.0763
      2.34180      37.8851
      2.34290      37.8324
      2.34400      37.9325
      2.34500      37.8205
      2.34610      37.6197
      2.34710      37.5302
      2.34820      37.4645
      2.34930      37.1372
      2.35030      36.8790
      2.35140      36.8309
      2.35250      36.7902
      2.35350      36.7716
      2.35460      36.8216
      2.35570      36.6247
      2.35670      36.4180
      2.35780      36.4460
      2.35890      36.4715
      2.36000      36.4264
      2.36100      36.3611
      2.36210      36.2900
      2.36320      36.1392
      2.36430      35.9191
      2.36530      35.9780
      2.36640      36.0382
      2.36750      35.9216
      2.36860      35.7893
      2.36970      35.7358
      2.37080      35.6780
      2.37180      35.5237
      2.37290      35.2901
      2.37400      35.1612
      2.37510      35.0488
      2.37620      34.9159
      2.37730      34.8541
      2.37840      34.8063
      2.37950      34.6021
      2.38060      34.4991
      2.38160      34.5600
      2.38270      34.4936
      2.38380      34.4561
      2.38490      34.3524
      2.38600      34.2802
      2.38710      34.2947
      2.38820      34.2825
      2.38930      34.3055
      2.39040      34.3491
      2.39150      34.3232
      2.39260      34.3035
      2.39370      34.2211
      2.39480      34.2467
      2.39600      34.2090
      2.39710      34.0962
      2.39820      33.9829
      2.39930      34.0394
      2.40040      34.1035
      2.40150      34.0541
      2.40260      33.9293
      2.40370      33.8028
      2.40480      33.8584
      2.40600      33.8884
      2.40710      33.8022
      2.40820      33.7315
      2.40930      33.7246
      2.41040      33.5311
      2.41160      33.4891
      2.41270      33.5191
      2.41380      33.3234
      2.41490      33.1134
      2.41610      33.1278
      2.41720      32.9888
      2.41830      32.9074
      2.41940      32.8411
      2.42060      32.6890
      2.42170      32.5367
      2.42280      32.2698
      2.42400      32.0854
      2.42510      32.1340
      2.42620      31.9756
      2.42740      31.8825
      2.42850      31.8511
      2.42960      31.7985
      2.43080      31.6639
      2.43190      31.4959
      2.43310      31.3213
      2.43420      31.1523
      2.43530      31.0464
      2.43650      30.8830
      2.43760      30.6305
      2.43880      30.6061
      2.43990      30.6369
      2.44110      30.5272
      2.44220      30.3476
      2.44340      30.1760
      2.44450      30.1567
      2.44570      30.1267
      2.44680      30.0615
      2.44800      29.9149
      2.44910      29.8154
      2.45030      29.8477
      2.45150      29.7916
      2.45260      29.8487
      2.45380      29.8059
      2.45490      29.5872
      2.45610      29.4498
      2.45730      29.3480
      2.45840      29.2559
      2.45960      29.3008
      2.46080      29.2263
      2.46190      29.1278
      2.46310      29.0904
      2.46430      29.0864
      2.46550      28.9576
      2.46660      28.8352
      2.46780      28.8947
      2.46900      28.7957
      2.47010      28.6688
      2.47130      28.6009
      2.47250      28.5158
      2.47370      28.3768
      2.47490      28.3029
      2.47600      28.2144
      2.47720      28.1727
      2.47840      28.1149
      2.47960      28.0676
      2.48080      27.9924
      2.48200      27.8554
      2.48320      27.6394
      2.48440      27.5786
      2.48550      27.5441
      2.48670      27.4361
      2.48790      27.3751
      2.48910      27.3131
      2.49030      27.2714
      2.49150      27.3226
      2.49270      27.3359
      2.49390      27.3084
      2.49510      27.1863
      2.49630      26.9572
      2.49750      26.8160
      2.49870      26.8751
      2.49990      26.9575
      2.50110      26.9298
      2.50230      26.8790
      2.50350      26.7667
      2.50480      26.5904
      2.50600      26.5627
      2.50720      26.5316
      2.50840      26.4971
      2.50960      26.4288
      2.51080      26.2926
      2.51200      26.1109
      2.51330      26.1740
      2.51450      26.3048
      2.51570      26.1634
      2.51690      25.9937
      2.51810      25.9561
      2.51940      25.9613
      2.52060      25.9637
      2.52180      25.8619
      2.52300      25.9564
      2.52430      26.1019
      2.52550      25.9417
      2.52670      25.8193
      2.52800      25.8017
      2.52920      25.7160
      2.53040      25.5774
      2.53170      25.6859
      2.53290      25.7350
      2.53410      25.6574
      2.53540      25.6513
      2.53660      25.7093
      2.53790      25.6874
      2.53910      25.6539
      2.54030      25.5893
      2.54160      25.7197
      2.54280      25.7422
      2.54410      25.5280
      2.54530      25.4161
      2.54660      25.4211
      2.54780      25.4517
      2.54910      25.4191
      2.55030      25.5453
      2.55160      25.6138
      2.55290      25.5221
      2.55410      25.2508
      2.55540      25.1336
      2.55660      25.1269
      2.55790      25.0748
      2.55920      25.0895
      2.56040      25.4449
      2.56170      25.8428
      2.56290      25.8063
      2.56420      25.5734
      2.56550      25.1244
      2.56680      24.7691
      2.56800      24.8376
      2.56930      25.2093
      2.57060      24.9820
      2.57180      24.6761
      2.57310      25.1413
      2.57440      24.9584
      2.57570      24.7321
      2.57700      24.8520
      2.57820      24.5596
      2.57950      24.3408
      2.58080      24.4561
      2.58210      24.4490
      2.58340      25.0003
      2.58470      25.0019
      2.58600      24.5332
      2.58720      24.6029
      2.58850      24.4106
      2.58980      24.1674
      2.59110      23.9476
      2.59240      24.1645
      2.59370      25.4066
      2.59500      26.3127
      2.59630      25.0136
      2.59760      23.8469
      2.59890      23.5190
      2.60020      23.5642
      2.60150      23.6855
      2.60280      23.7836
      2.60410      24.1449
      2.60540      24.5501
      2.60680      23.9876
      2.60810      23.4588
      2.60940      23.4111
      2.61070      23.2430
      2.61200      22.9965
      2.61330      22.9195
      2.61460      22.8454
      2.61600      23.3417
      2.61730      23.4586
      2.61860      22.9426
      2.61990      23.2094
      2.62130      22.9016
      2.62260      22.1884
      2.62390      21.9828
      2.62520      22.1590
      2.62660      22.5105
      2.62790      22.0584
      2.62920      22.0709
      2.63060      22.3691
      2.63190      21.6101
      2.63320      21.3263
      2.63460      21.2804
      2.63590      20.8818
      2.63730      20.5951
      2.63860      20.4319
      2.63990      20.3285
      2.64130      20.1595
      2.64260      19.9698
      2.64400      19.7588
      2.64530      19.7728
      2.64670      19.5518
      2.64800      19.2611
      2.64940      18.9818
      2.65070      18.9901
      2.65210      19.0820
      2.65350      18.6587
      2.65480      18.2906
      2.65620      18.0304
      2.65750      17.6440
      2.65890      17.5767
      2.66030      17.4502
      2.66160      17.1470
      2.66300      16.8017
      2.66440      16.9571
      2.66570      17.0178
      2.66710      16.5475
      2.66850      15.9221
      2.66980      16.2088
      2.67120      15.6684
      2.67260      14.4014
      2.67400      13.7627
      2.67540      13.3947
      2.67670      13.0474
      2.67810      12.4036
      2.67950      11.7942
      2.68090      10.9459
      2.68230      10.3588
      2.68370      9.80456
      2.68510      9.09606
      2.68640      8.33507
      2.68780      7.52788
      2.68920      6.82550
      2.69060      6.09245
      2.69200      5.33488
      2.69340      4.68698
      2.69480      4.11119
      2.69620      3.48723
      2.69760      2.91201
      2.69900      2.60739
      2.70040      2.40759
      2.70180      2.04457
      2.70330      1.77873
      2.70470      1.80291
      2.70610      1.86217
      2.70750      1.90226
      2.70890      2.03701
      2.71030      2.21681
      2.71170      2.35666
      2.71320      2.25171
      2.71460      2.15492
      2.71600      2.08372
      2.71740      2.23873
      2.71880      2.33504
      2.72030      2.26507
      2.72170      2.12280
      2.72310      2.04778
      2.72460      2.05220
      2.72600      1.85462
      2.72740      1.68230
      2.72890      1.69471
      2.73030      1.70315
      2.73170      1.50995
      2.73320      1.46721
      2.73460      1.58949
      2.73610      1.55795
      2.73750      1.58686
      2.73900      1.59804
      2.74040      1.65163
      2.74190      1.68756
      2.74330      1.57004
      2.74480      1.47687
      2.74620      1.38550
      2.74770      1.37134
      2.74910      1.36815
      2.75060      1.31293
      2.75200      1.40560
      2.75350      1.45900
      2.75500      1.38766
      2.75640      1.28810
      2.75790      1.27356
      2.75940      1.30829
      2.76080      1.36257
      2.76230      1.41266
      2.76380      1.30771
      2.76520      1.34719
      2.76670      1.55796
      2.76820      1.71275
      2.76970      1.70428
      2.77120      1.66401
      2.77260      1.65139
      2.77410      1.60611
      2.77560      1.51303
      2.77710      1.66562
      2.77860      1.85968
      2.78010      1.86262
      2.78160      1.82165
      2.78310      1.66674
      2.78460      1.62874
      2.78610      1.80319
      2.78750      1.82411
      2.78900      1.79185
      2.79060      1.79959
      2.79210      1.77197
      2.79360      1.77626
      2.79510      1.79385
      2.79660      1.69100
      2.79810      1.68817
      2.79960      1.79492
      2.80110      1.93236
      2.80260      2.10335
      2.80410      2.12324
      2.80570      1.92882
      2.80720      1.73625
      2.80870      1.80341
      2.81020      1.89765
      2.81170      1.91792
      2.81330      1.94443
      2.81480      1.94795
      2.81630      2.00773
      2.81780      1.93978
      2.81940      1.86241
      2.82090      1.94461
      2.82250      1.96044
      2.82400      1.94333
      2.82550      1.98554
      2.82710      2.01009
      2.82860      2.07262
      2.83020      2.06230
      2.83170      2.01508
      2.83320      1.85462
      2.83480      1.80087
      2.83630      1.93932
      2.83790      1.96752
      2.83950      1.80695
      2.84100      1.74370
      2.84260      1.86793
      2.84410      2.06674
      2.84570      2.15372
      2.84720      2.08715
      2.84880      2.01098
      2.85040      1.96574
      2.85190      1.83555
      2.85350      1.85775
      2.85510      1.90452
      2.85670      1.93632
      2.85820      1.98252
      2.85980      1.95173
      2.86140      1.88333
      2.86300      1.80509
      2.86460      1.79388
      2.86610      1.79783
      2.86770      1.73319
      2.86930      1.66372
      2.87090      1.71168
      2.87250      1.79919
      2.87410      1.82271
      2.87570      1.73661
      2.87730      1.67118
      2.87890      1.83462
      2.88050      1.84845
      2.88210      1.72478
      2.88370      1.81738
      2.88530      1.83436
      2.88690      1.72158
      2.88850      1.62372
      2.89010      1.64202
      2.89170      1.71672
      2.89330      1.70545
      2.89490      1.72447
      2.89660      1.86340
      2.89820      1.89449
      2.89980      1.78123
      2.90140      1.74306
      2.90300      1.75082
      2.90470      1.82338
      2.90630      1.90053
      2.90790      1.86026
      2.90960      1.73819
      2.91120      1.64667
      2.91280      1.76804
      2.91450      1.85497
      2.91610      1.79618
      2.91780      1.73893
      2.91940      1.68566
      2.92100      1.76189
      2.92270      1.74377
      2.92430      1.67425
      2.92600      1.63597
      2.92760      1.63765
      2.92930      1.77151
      2.93090      1.93504
      2.93260      1.88630
      2.93430      1.87748
      2.93590      1.76000
      2.93760      1.63510
      2.93930      1.61866
      2.94090      1.62342
      2.94260      1.74163
      2.94430      1.78529
      2.94590      1.70875
      2.94760      1.80625
      2.94930      1.93412
      2.95100      1.86268
      2.95260      1.69661
      2.95430      1.69689
      2.95600      1.96241
      2.95770      2.02330
      2.95940      1.94559
      2.96110      1.87610
      2.96280      1.73025
      2.96450      1.67330
      2.96620      1.68039
      2.96790      1.80427
      2.96960      1.96225
      2.97130      1.96284
      2.97300      1.86860
      2.97470      1.78949
      2.97640      1.88601
      2.97810      1.90570
      2.97980      1.84229
      2.98150      1.87291
      2.98320      1.84877
      2.98490      1.81858
      2.98670      1.75118
      2.98840      1.84620
      2.99010      1.90772
      2.99180      1.99716
      2.99360      2.08609
      2.99530      2.05661
      2.99700      1.98231
      2.99880      1.92377
      3.00050      1.94847
      3.00220      1.94248
      3.00400      1.94355
      3.00570      1.90408
      3.00740      1.92697
      3.00920      2.08644
      3.01090      2.09263
      3.01270      2.05297
      3.01440      1.98191
      3.01620      1.91031
      3.01800      1.93209
      3.01970      1.85500
      3.02150      1.78231
      3.02320      1.79957
      3.02500      1.88958
      3.02680      2.08458
      3.02850      2.13166
      3.03030      2.11548
      3.03210      2.02476
      3.03380      1.97335
      3.03560      1.99760
      3.03740      2.08294
      3.03920      2.03428
      3.04100      1.91694
      3.04270      1.98036
      3.04450      2.08877
      3.04630      2.27618
      3.04810      2.31304
      3.04990      2.05025
      3.05170      1.90088
      3.05350      2.05918
      3.05530      2.10329
      3.05710      2.15415
      3.05890      2.08181
      3.06070      2.00129
      3.06250      2.12770
      3.06430      2.31054
      3.06610      2.34010
      3.06800      2.20409
      3.06980      2.05839
      3.07160      2.03763
      3.07340      2.09868
      3.07520      2.12554
      3.07710      2.13761
      3.07890      2.15206
      3.08070      2.21950
      3.08250      2.17857
      3.08440      2.10888
      3.08620      2.21293
      3.08810      2.25266
      3.08990      2.07097
      3.09170      2.17046
      3.09360      2.34212
      3.09540      2.37099
      3.09730      2.35544
      3.09910      2.35976
      3.10100      2.31401
      3.10280      2.23511
      3.10470      2.20468
      3.10660      2.34743
      3.10840      2.48428
      3.11030      2.39294
      3.11210      2.36883
      3.11400      2.40750
      3.11590      2.38082
      3.11780      2.31233
      3.11960      2.27830
      3.12150      2.32935
      3.12340      2.35029
      3.12530      2.36011
      3.12720      2.33892
      3.12910      2.40073
      3.13090      2.44262
      3.13280      2.46223
      3.13470      2.63543
      3.13660      2.66801
      3.13850      2.68269
      3.14040      2.74905
      3.14230      2.62805
      3.14420      2.57253
      3.14610      2.68613
      3.14810      2.80355
      3.15000      2.73608
      3.15190      2.66158
      3.15380      2.67678
      3.15570      2.75452
      3.15760      2.73244
      3.15960      2.73369
      3.16150      2.84455
      3.16340      2.85286
      3.16530      2.88366
      3.16730      2.95762
      3.16920      2.92063
      3.17120      2.92854
      3.17310      2.98444
      3.17500      2.93386
      3.17700      2.92697
      3.17890      2.99076
      3.18090      3.10404
      3.18280      3.17137
      3.18480      3.07226
      3.18670      3.14034
      3.18870      3.23634
      3.19070      3.25886
      3.19260      3.24581
      3.19460      3.25457
      3.19660      3.33647
      3.19850      3.42923
      3.20050      3.38578
      3.20250      3.34847
      3.20450      3.38764
      3.20650      3.49800
      3.20840      3.57539
      3.21040      3.53421
      3.21240      3.50786
      3.21440      3.52604
      3.21640      3.62772
      3.21840      3.66135
      3.22040      3.68765
      3.22240      3.79975
      3.22440      3.76402
      3.22640      3.77926
      3.22840      3.76127
      3.23040      3.73986
      3.23240      3.80973
      3.23450      3.84885
      3.23650      3.88836
      3.23850      4.07635
      3.24050      4.06677
      3.24260      4.00729
      3.24460      4.09526
      3.24660      4.20536
      3.24860      4.21825
      3.25070      4.19577
      3.25270      4.27308
      3.25480      4.30650
      3.25680      4.29427
      3.25890      4.32964
      3.26090      4.46611
      3.26300      4.51137
      3.26500      4.50785
      3.26710      4.48761
      3.26910      4.51589
      3.27120      4.59913
      3.27330      4.68551
      3.27530      4.80430
      3.27740      4.87123
      3.27950      4.90828
      3.28150      4.98505
      3.28360      5.01569
      3.28570      5.01485
      3.28780      5.02594
      3.28990      5.04431
      3.29200      5.04148
      3.29410      5.13880
      3.29610      5.24881
      3.29820      5.25578
      3.30030      5.24559
      3.30240      5.31606
      3.30460      5.46125
      3.30670      5.56152
      3.30880      5.54968
      3.31090      5.51809
      3.31300      5.54686
      3.31510      5.61792
      3.31720      5.76221
      3.31940      5.82054
      3.32150      5.80136
      3.32360      5.81442
      3.32570      5.93925
      3.32790      6.00882
      3.33000      6.02319
      3.33220      6.09473
      3.33430      6.17025
      3.33640      6.20175
      3.33860      6.26624
      3.34070      6.36548
      3.34290      6.39500
      3.34510      6.47715
      3.34720      6.59645
      3.34940      6.62126
      3.35150      6.63106
      3.35370      6.64591
      3.35590      6.69824
      3.35810      6.80863
      3.36020      6.89308
      3.36240      6.96490
      3.36460      7.01726
      3.36680      6.95037
      3.36900      7.00292
      3.37120      7.19379
      3.37340      7.27583
      3.37550      7.28291
      3.37770      7.38183
      3.37990      7.49790
      3.38220      7.56453
      3.38440      7.60194
      3.38660      7.71092
      3.38880      7.77500
      3.39100      7.78876
      3.39320      7.87824
      3.39540      7.92794
      3.39770      7.99906
      3.39990      8.06420
      3.40210      8.19262
      3.40440      8.26651
      3.40660      8.24417
      3.40880      8.21709
      3.41110      8.36699
      3.41330      8.42887
      3.41560      8.42618
      3.41780      8.46320
      3.42010      8.60549
      3.42230      8.79762
      3.42460      8.89846
      3.42690      8.90426
      3.42910      9.05567
      3.43140      9.21148
      3.43370      9.22681
      3.43590      9.22505
      3.43820      9.31390
      3.44050      9.51013
      3.44280      9.60672
      3.44510      9.61851
      3.44740      9.72430
      3.44970      9.86016
      3.45200      9.94520
      3.45430      10.0270
      3.45660      10.0790
      3.45890      10.1815
      3.46120      10.2763
      3.46350      10.3445
      3.46580      10.3984
      3.46810      10.4302
      3.47040      10.5544
      3.47280      10.7078
      3.47510      10.8277
      3.47740      10.9834
      3.47980      11.0359
      3.48210      11.0238
      3.48440      11.1438
      3.48680      11.3225
      3.48910      11.4498
      3.49150      11.5019
      3.49380      11.4085
      3.49620      11.3553
      3.49850      11.3675
      3.50090      11.5310
      3.50330      11.6788
      3.50560      11.7673
      3.50800      11.9239
      3.51040      12.0074
      3.51280      12.1414
      3.51510      12.2198
      3.51750      12.3876
      3.51990      12.5748
      3.52230      12.6540
      3.52470      12.6385
      3.52710      12.7229
      3.52950      12.8617
      3.53190      12.9819
      3.53430      13.0119
      3.53670      13.1229
      3.53910      13.2175
      3.54160      13.2779
      3.54400      13.4744
      3.54640      13.6233
      3.54880      13.6127
      3.55130      13.6550
      3.55370      13.8297
      3.55610      13.9996
      3.55860      14.1592
      3.56100      14.2011
      3.56350      14.2170
      3.56590      14.3298
      3.56840      14.4509
      3.57080      14.5292
      3.57330      14.6222
      3.57580      14.7702
      3.57820      14.8289
      3.58070      14.8712
      3.58320      15.0310
      3.58560      15.1534
      3.58810      15.1840
      3.59060      15.2447
      3.59310      15.3683
      3.59560      15.5379
      3.59810      15.6712
      3.60060      15.7429
      3.60310      15.8381
      3.60560      15.9237
      3.60810      16.0246
      3.61060      16.0241
      3.61310      16.0466
      3.61560      16.1789
      3.61820      16.3222
      3.62070      16.4059
      3.62320      16.5076
      3.62580      16.6042
      3.62830      16.6766
      3.63080      16.7272
      3.63340      16.8308
      3.63590      17.0031
      3.63850      17.1689
      3.64100      17.2563
      3.64360      17.3319
      3.64620      17.3998
      3.64870      17.4763
      3.65130      17.6817
      3.65390      17.6795
      3.65640      17.6341
      3.65900      17.7320
      3.66160      17.7882
      3.66420      17.8743
      3.66680      17.9954
      3.66940      18.0522
      3.67200      18.1402
      3.67460      18.3156
      3.67720      18.4186
      3.67980      18.4682
      3.68240      18.5440
      3.68500      18.6216
      3.68770      18.6995
      3.69030      18.7929
      3.69290      18.7867
      3.69550      18.7923
      3.69820      18.8444
      3.70080      18.8960
      3.70350      18.9723
      3.70610      19.0953
      3.70880      19.1818
      3.71140      19.2016
      3.71410      19.3302
      3.71670      19.4765
      3.71940      19.5570
      3.72210      19.6551
      3.72470      19.7472
      3.72740      19.7836
      3.73010      19.7816
      3.73280      19.8900
      3.73550      20.0626
      3.73820      20.2043
      3.74090      20.2618
      3.74360      20.2732
      3.74630      20.3523
      3.74900      20.4097
      3.75170      20.5188
      3.75440      20.6193
      3.75710      20.6841
      3.75990      20.7351
      3.76260      20.8610
      3.76530      20.9819
      3.76810      21.0729
      3.77080      21.0521
      3.77350      21.0999
      3.77630      21.2139
      3.77900      21.2949
      3.78180      21.4031
      3.78460      21.4792
      3.78730      21.5367
      3.79010      21.6887
      3.79290      21.7387
      3.79560      21.8216
      3.79840      21.8926
      3.80120      21.8796
      3.80400      21.9459
      3.80680      21.9432
      3.80960      21.9362
      3.81240      21.9645
      3.81520      21.9958
      3.81800      22.1499
      3.82080      22.2478
      3.82360      22.2792
      3.82640      22.3418
      3.82930      22.3328
      3.83210      22.3604
      3.83490      22.4569
      3.83780      22.4968
      3.84060      22.5553
      3.84350      22.5256
      3.84630      22.5611
      3.84920      22.6488
      3.85200      22.6670
      3.85490      22.7139
      3.85780      22.7425
      3.86060      22.7418
      3.86350      22.7716
      3.86640      22.7064
      3.86930      22.7636
      3.87220      22.8701
      3.87510      22.9459
      3.87800      22.9618
      3.88090      22.9742
      3.88380      22.9647
      3.88670      22.9508
      3.88960      23.0883
      3.89250      23.2402
      3.89540      23.1479
      3.89840      23.0877
      3.90130      23.1566
      3.90420      23.2102
      3.90720      23.2183
      3.91010      23.2344
      3.91310      23.2427
      3.91600      23.2551
      3.91900      23.3034
      3.92200      23.3679
      3.92490      23.3416
      3.92790      23.3079
      3.93090      23.2350
      3.93390      23.1800
      3.93690      23.2258
      3.93980      23.1783
      3.94280      23.0669
      3.94580      23.1438
      3.94890      23.1933
      3.95190      23.1619
      3.95490      23.1145
      3.95790      23.0483
      3.96090      23.0061
      3.96390      22.9334
      3.96700      22.9216
      3.97000      22.9094
      3.97310      22.8729
      3.97610      22.8728
      3.97920      22.8796
      3.98220      22.8136
      3.98530      22.7067
      3.98830      22.6131
      3.99140      22.6108
      3.99450      22.6125
      3.99760      22.5959
      4.00060      22.5498
      4.00370      22.4987
      4.00680      22.4713
      4.00990      22.4327
      4.01300      22.4039
      4.01610      22.4014
      4.01930      22.3528
      4.02240      22.2332
      4.02550      22.1449
      4.02860      22.1436
      4.03180      22.1591
      4.03490      22.0487
      4.03800      21.9266
      4.04120      21.9245
      4.04430      21.9373
      4.04750      21.8842
      4.05070      21.8350
      4.05380      21.8186
      4.05700      21.7435
      4.06020      21.6840
      4.06340      21.6548
      4.06650      21.5829
      4.06970      21.4827
      4.07290      21.3769
      4.07610      21.3072
      4.07930      21.2856
      4.08260      21.2212
      4.08580      21.1339
      4.08900      21.1272
      4.09220      21.0698
      4.09550      20.9293
      4.09870      20.8029
      4.10190      20.6848
      4.10520      20.6280
      4.10840      20.5743
      4.11170      20.5675
      4.11500      20.5206
      4.11820      20.3672
      4.12150      20.2420
      4.12480      20.1677
      4.12810      20.1444
      4.13130      20.0910
      4.13460      20.0038
      4.13790      19.9347
      4.14120      19.9017
      4.14460      19.8324
      4.14790      19.7233
      4.15120      19.6363
      4.15450      19.5497
      4.15790      19.4787
      4.16120      19.3933
      4.16450      19.3070
      4.16790      19.2814
      4.17120      19.1791
      4.17460      19.0270
      4.17800      19.0244
      4.18130      19.0296
      4.18470      18.9426
      4.18810      18.8425
      4.19150      18.7018
      4.19490      18.4632
      4.19830      18.0796
      4.20170      17.5547
      4.20510      16.9404
      4.20850      16.2544
      4.21190      15.4772
      4.21530      14.8399
      4.21870      14.4024
      4.22220      14.0117
      4.22560      13.5785
      4.22910      13.1925
      4.23250      13.0678
      4.23600      13.0174
      4.23940      13.0049
      4.24290      13.0865
      4.24640      13.4697
      4.24990      14.1551
      4.25340      14.9507
      4.25680      15.3433
      4.26030      14.7868
      4.26380      14.0284
      4.26740      13.6834
      4.27090      13.4330
      4.27440      13.2787
      4.27790      13.3591
      4.28150      13.5481
      4.28500      13.6458
      4.28850      13.5981
      4.29210      13.6069
      4.29560      13.8577
      4.29920      14.0124
      4.30280      14.0565
      4.30630      14.2639
      4.30990      14.3972
      4.31350      14.6170
      4.31710      14.9579
      4.32070      15.2410
      4.32430      15.4181
      4.32790      15.4390
      4.33150      15.5721
      4.33510      15.6940
      4.33880      15.7183
      4.34240      15.7226
      4.34610      15.7289
      4.34970      15.7501
      4.35340      15.7787
      4.35700      15.7701
      4.36070      15.7097
      4.36430      15.6746
      4.36800      15.6773
      4.37170      15.6217
      4.37540      15.5056
      4.37910      15.3695
      4.38280      15.1717
      4.38650      15.0529
      4.39020      14.9550
      4.39390      14.8650
      4.39770      14.7511
      4.40140      14.6364
      4.40510      14.5294
      4.40890      14.3737
      4.41260      14.2229
      4.41640      14.1897
      4.42020      14.1963
      4.42390      14.1547
      4.42770      14.0254
      4.43150      13.8821
      4.43530      13.7688
      4.43910      13.7514
      4.44290      13.7413
      4.44670      13.5270
      4.45050      13.3518
      4.45430      13.3561
      4.45820      13.3677
      4.46200      13.2314
      4.46580      13.0648
      4.46970      13.0148
      4.47350      13.0729
      4.47740      13.1418
      4.48130      13.1820
      4.48520      13.1854
      4.48900      13.1226
      4.49290      13.2157
      4.49680      13.3158
      4.50070      13.3421
      4.50460      13.4536
      4.50860      13.6308
      4.51250      13.6702
      4.51640      13.7459
      4.52030      13.8886
      4.52430      14.0045
      4.52820      14.0156
      4.53220      14.0547
      4.53620      14.1423
      4.54010      14.2670
      4.54410      14.2837
      4.54810      14.2553
      4.55210      14.2854
      4.55610      14.3388
      4.56010      14.3117
      4.56410      14.2463
      4.56810      14.2752
      4.57220      14.2765
      4.57620      14.2090
      4.58020      14.1951
      4.58430      14.2070
      4.58840      14.1543
      4.59240      14.1060
      4.59650      14.0356
      4.60060      13.9767
      4.60470      13.9669
      4.60870      13.9624
      4.61280      13.8670
      4.61700      13.7648
      4.62110      13.7041
      4.62520      13.6478
      4.62930      13.5443
      4.63350      13.4578
      4.63760      13.4241
      4.64180      13.2747
      4.64590      13.1320
      4.65010      13.0216
      4.65430      12.8872
      4.65840      12.7459
      4.66260      12.6252
      4.66680      12.5930
      4.67100      12.5114
      4.67520      12.3466
      4.67950      12.3151
      4.68370      12.2699
      4.68790      12.2074
      4.69220      12.2787
      4.69640      12.3596
      4.70070      12.4755
      4.70490      12.5694
      4.70920      12.5788
      4.71350      12.5781
      4.71780      12.6163
      4.72210      12.6824
      4.72640      12.6462
      4.73070      12.6287
      4.73500      12.6656
      4.73930      12.6925
      4.74370      12.6364
      4.74800      12.5386
      4.75240      12.4621
      4.75670      12.4612
      4.76110      12.5198
      4.76550      12.4435
      4.76990      12.2658
      4.77430      12.1698
      4.77870      12.1610
      4.78310      12.1956
      4.78750      12.0544
      4.79190      12.0074
      4.79630      11.9924
      4.80080      11.8784
      4.80520      11.8669
      4.80970      11.8484
      4.81420      11.7340
      4.81860      11.5632
      4.82310      11.4831
      4.82760      11.5138
      4.83210      11.3863
      4.83660      11.2087
      4.84110      11.1592
      4.84560      11.0589
      4.85020      10.9006
      4.85470      10.7243
      4.85930      10.5660
      4.86380      10.4891
      4.86840      10.3252
      4.87300      10.0929
      4.87760      9.79069
      4.88210      9.48927
      4.88670      9.23963
      4.89140      8.89835
      4.89600      8.46170
      4.90060      8.16486
      4.90520      7.90511
      4.90990      7.59804
      4.91450      7.31059
      4.91920      7.10797
      4.92390      6.92805
      4.92860      6.75925
      4.93320      6.66624
      4.93790      6.60811
      4.94260      6.54699
      4.94740      6.49064
      4.95210      6.38264
      4.95680      6.25425
      4.96160      6.06932
      4.96630      5.94408
      4.97110      5.82830
      4.97590      5.60542
      4.98060      5.47816
      4.98540      5.41069
      4.99020      5.27994
      4.99500      5.13103
      4.99980      5.10267
      5.00470      5.15012
      5.00950      5.17011
      5.01440      5.14745
      5.01920      5.05872
      5.02410      4.98939
      5.02890      5.06066
      5.03380      5.13174
      5.03870      5.05628
      5.04360      5.08762
      5.04850      5.11637
      5.05340      5.08770
      5.05840      5.02925
      5.06330      4.90071
      5.06830      4.84973
      5.07320      4.92240
      5.07820      4.97672
      5.08320      5.03049
      5.08820      5.11086
      5.09320      5.13400
      5.09820      5.10905
      5.10320      5.10856
      5.10820      5.15779
      5.11330      5.18248
      5.11830      5.17736
      5.12340      5.18111
      5.12840      5.13380
      5.13350      5.04759
      5.13860      5.01454
      5.14370      5.10630
      5.14880      5.07942
      5.15390      4.91503
      5.15900      4.92746
      5.16420      4.98467
      5.16930      4.96959
      5.17450      5.03796
      5.17970      5.10350
      5.18480      5.12516
      5.19000      5.12978
      5.19520      5.12993
      5.20040      5.12433
      5.20570      5.08089
      5.21090      4.95514
      5.21610      4.82994
      5.22140      4.75242
      5.22670      4.65644
      5.23190      4.46513
      5.23720      4.23588
      5.24250      4.07827
      5.24780      3.97788
      5.25310      3.85651
      5.25850      3.74271
      5.26380      3.69750
      5.26910      3.68746
      5.27450      3.61723
      5.27990      3.50144
      5.28530      3.41682
      5.29070      3.45631
      5.29610      3.52685
      5.30150      3.42646
      5.30690      3.28958
      5.31230      3.23755
      5.31780      3.21827
      5.32320      3.17612
      5.32870      3.14965
      5.33420      3.14404
      5.33970      3.07683
      5.34520      3.07680
      5.35070      3.12906
      5.35620      3.06975
      5.36180      3.13694
      5.36730      3.24740
      5.37290      3.25906
      5.37850      3.23143
      5.38400      3.25304
      5.38960      3.37870
      5.39530      3.51584
      5.40090      3.59925
      5.40650      3.71819
      5.41210      3.77176
      5.41780      3.88679
      5.42350      4.14763
      5.42910      4.22462
      5.43480      4.20623
      5.44050      4.20077
      5.44630      4.22646
      5.45200      4.24087
      5.45770      4.25763
      5.46350      4.22061
      5.46920      4.09219
      5.47500      4.06894
      5.48080      4.03727
      5.48660      3.91351
      5.49240      3.87436
      5.49820      3.82974
      5.50410      3.74976
      5.50990      3.65078
      5.51580      3.65804
      5.52170      3.66101
      5.52750      3.58250
      5.53340      3.48706
      5.53940      3.45298
      5.54530      3.49424
      5.55120      3.52746
      5.55720      3.46989
      5.56310      3.37739
      5.56910      3.32683
      5.57510      3.38949
      5.58110      3.43377
      5.58710      3.41149
      5.59310      3.44574
      5.59920      3.47603
      5.60520      3.45103
      5.61130      3.38558
      5.61740      3.45609
      5.62350      3.61417
      5.62960      3.72825
      5.63570      3.74622
      5.64180      3.89906
      5.64800      3.99654
      5.65410      4.05008
      5.66030      4.04367
      5.66650      4.09129
      5.67270      4.29636
      5.67890      4.41383
      5.68510      4.41896
      5.69140      4.45304
      5.69760      4.35990
      5.70390      4.38836
      5.71020      4.52556
      5.71650      4.45290
      5.72280      4.26838
      5.72910      4.15598
      5.73540      4.11120
      5.74180      4.08051
      5.74820      4.02584
      5.75450      3.96020
      5.76090      4.04050
      5.76730      3.93703
      5.77380      3.65381
      5.78020      3.49001
      5.78670      3.36131
      5.79310      3.22181
      5.79960      3.10848
      5.80610      3.01672
      5.81260      2.97513
      5.81910      3.08165
      5.82570      3.00818
      5.83220      2.72864
      5.83880      2.55912
      5.84540      2.51177
      5.85200      2.44765
      5.85860      2.31692
      5.86520      2.21174
      5.87180      2.16179
      5.87850      2.23003
      5.88520      2.16913
      5.89190      2.07012
      5.89860      1.89930
      5.90530      1.71208
      5.91200      1.65167
      5.91880      1.58978
      5.92550      1.53938
      5.93230      1.54596
      5.93910      1.56504
      5.94590      1.45047
      5.95270      1.37088
      5.95960      1.39080
      5.96640      1.40412
      5.97330      1.37938
      5.98020      1.37440
      5.98710      1.37109
      5.99400      1.29701
      6.00100      1.25483
      6.00790      1.29792
      6.01490      1.35545
      6.02190      1.33632
      6.02890      1.24010
      6.03590      1.16732
      6.04290      1.26437
      6.05000      1.43455
      6.05710      1.36364
      6.06410      1.28015
      6.07120      1.28944
      6.07840      1.27660
      6.08550      1.14735
      6.09260      1.09294
      6.09980      1.13051
      6.10700      1.21695
      6.11420      1.19825
      6.12140      1.15492
      6.12860      1.16086
      6.13590      1.15020
      6.14320      1.22498
      6.15050      1.30032
      6.15780      1.31281
      6.16510      1.24457
      6.17240      1.20224
      6.17980      1.27036
      6.18720      1.37398
      6.19450      1.43805
      6.20200      1.43623
      6.20940      1.34909
      6.21680      1.32238
      6.22430      1.44676
      6.23180      1.52932
      6.23930      1.55976
      6.24680      1.57735
      6.25430      1.66771
      6.26190      1.70586
      6.26950      1.69116
      6.27700      1.73241
      6.28470      1.78792
      6.29230      1.79923
      6.29990      1.81424
      6.30760      1.82514
      6.31530      1.94029
      6.32300      2.06600
      6.33070      2.20533
      6.33840      2.36192
      6.34620      2.39528
      6.35400      2.35781
      6.36180      2.37200
      6.36960      2.40956
      6.37740      2.41010
      6.38530      2.43286
      6.39310      2.47820
      6.40100      2.54850
      6.40890      2.89914
      6.41690      3.02877
      6.42480      2.82918
      6.43280      2.78101
      6.44080      2.73372
      6.44880      2.64464
      6.45680      2.58246
      6.46490      2.55346
      6.47300      2.60824
      6.48100      2.69887
      6.48920      2.69858
      6.49730      2.67596
      6.50540      2.53230
      6.51360      2.36930
      6.52180      2.22075
      6.53000      2.08376
      6.53830      2.04917
      6.54650      2.10848
      6.55480      2.14973
      6.56310      2.19827
      6.57140      2.33867
      6.57970      2.29840
      6.58810      2.23111
      6.59650      2.25460
      6.60490      2.27327
      6.61330      2.29661
      6.62180      2.39500
      6.63020      2.53435
      6.63870      2.51724
      6.64720      2.28043
      6.65580      2.16546
      6.66430      2.13784
      6.67290      2.06348
      6.68150      2.09040
      6.69010      2.08021
      6.69880      2.10066
      6.70740      2.17881
      6.71610      2.13250
      6.72480      2.07181
      6.73360      2.04209
      6.74230      2.01810
      6.75110      2.01130
      6.75990      1.99397
      6.76870      2.05015
      6.77760      2.09704
      6.78640      2.14260
      6.79530      2.18689
      6.80420      2.13358
      6.81320      2.10586
      6.82220      2.13694
      6.83110      2.13223
      6.84020      2.12883
      6.84920      2.14603
      6.85820      2.26302
      6.86730      2.24640
      6.87640      2.09684
      6.88560      2.08413
      6.89470      2.10097
      6.90390      2.11113
      6.91310      2.12170
      6.92230      2.11176
      6.93160      2.01254
      6.94090      1.90044
      6.95020      1.91785
      6.95950      1.94774
      6.96890      2.02029
      6.97820      2.09560
      6.98770      2.02103
      6.99710      1.93219
      7.00650      1.93209
      7.01600      1.96251
      7.02550      1.87901
      7.03510      1.85597
      7.04460      1.93491
      7.05420      1.79995
      7.06380      1.72148
      7.07340      1.67368
      7.08310      1.62702
      7.09280      1.65337
      7.10250      1.72701
      7.11230      1.76493
      7.12200      1.70209
      7.13180      1.63205
      7.14160      1.68672
      7.15150      1.79107
      7.16140      1.78109
      7.17130      1.73528
      7.18120      1.71939
      7.19120      1.66391
      7.20120      1.65704
      7.21120      1.60899
      7.22120      1.58736
      7.23130      1.64448
      7.24140      1.61406
      7.25150      1.54716
      7.26170      1.48544
      7.27190      1.52508
      7.28210      1.53303
      7.29230      1.52315
      7.30260      1.54198
      7.31290      1.51379
      7.32320      1.45522
      7.33360      1.39257
      7.34400      1.40943
      7.35440      1.50100
      7.36480      1.45588
      7.37530      1.37102
      7.38580      1.33408
      7.39630      1.33269
      7.40690      1.35276
      7.41750      1.41886
      7.42810      1.46933
      7.43880      1.45232
      7.44950      1.48191
      7.46020      1.44140
      7.47090      1.37182
      7.48170      1.35907
      7.49250      1.41238
      7.50340      1.49099
      7.51430      1.40727
      7.52520      1.39258
      7.53610      1.42081
      7.54710      1.39440
      7.55810      1.45617
      7.56910      1.49284
      7.58020      1.42885
      7.59130      1.45250
      7.60240      1.48624
      7.61360      1.40927
      7.62480      1.45973
      7.63600      1.52083
      7.64730      1.52262
      7.65860      1.52331
      7.66990      1.59350
      7.68120      1.69253
      7.69260      1.73660
      7.70410      1.70663
      7.71550      1.68260
      7.72700      1.66040
      7.73860      1.69557
      7.75010      1.74608
      7.76170      1.76393
      7.77340      1.75140
      7.78500      1.74722
      7.79670      1.80756
      7.80850      1.85612
      7.82030      1.94165
      7.83210      1.90521
      7.84390      1.89387
      7.85580      2.00877
      7.86770      2.09033
      7.87970      2.24758
      7.89170      2.40778
      7.90370      2.50866
      7.91580      2.64511
      7.92790      2.76163
      7.94000      2.91834
      7.95220      3.10930
      7.96440      3.29360
      7.97670      3.52062
      7.98900      3.72093
      8.00130      3.98278
      8.01370      4.13442
      8.02610      4.35568
      8.03850      4.57721
      8.05100      4.83213
      8.06350      5.25096
      8.07610      5.53355
      8.08870      5.77499
      8.10130      6.08570
      8.11400      6.55043
      8.12670      7.00950
      8.13950      7.37530
      8.15230      7.58916
      8.16510      7.82996
      8.17800      8.11661
      8.19090      8.18489
      8.20390      8.19120
      8.21690      8.18375
      8.22990      8.17761
      8.24300      8.06429
      8.25610      7.96437
      8.26930      7.84884
      8.28250      7.52914
      8.29570      7.42371
      8.30900      7.37582
      8.32240      7.11215
      8.33570      6.98308
      8.34920      6.90363
      8.36260      6.70921
      8.37610      6.71542
      8.38970      6.70429
      8.40330      6.60436
      8.41690      6.52573
      8.43060      6.35546
      8.44440      6.17927
      8.45810      6.14798
      8.47200      6.22692
      8.48580      6.14748
      8.49970      6.16909
      8.51370      6.27519
      8.52770      6.32477
      8.54170      6.26693
      8.55580      6.16072
      8.57000      5.99790
      8.58420      5.84599
      8.59840      5.62279
      8.61270      5.19839
      8.62700      4.98036
      8.64140      5.22497
      8.65580      5.69537
      8.67030      6.16054
      8.68480      6.31801
      8.69940      6.49156
      8.71400      6.75954
      8.72870      6.84079
      8.74340      6.81182
      8.75820      6.85842
      8.77300      7.00094
      8.78790      7.22691
      8.80280      7.32919
      8.81770      7.36485
      8.83280      7.40272
      8.84780      7.47215
      8.86300      7.50421
      8.87810      7.54279
      8.89340      7.47955
      8.90870      7.47375
      8.92400      7.32987
      8.93940      6.96773
      8.95480      6.75494
      8.97030      6.58714
      8.98590      6.48158
      9.00150      6.47296
      9.01710      6.57497
      9.03280      6.82704
      9.04860      6.96691
      9.06440      7.01675
      9.08030      7.16773
      9.09620      7.30825
      9.11220      7.45431
      9.12820      7.66295
      9.14430      7.97183
      9.16050      8.20631
      9.17670      8.36155
      9.19300      8.56207
      9.20930      8.75523
      9.22570      9.06215
      9.24210      9.33172
      9.25860      9.41617
      9.27520      9.46423
      9.29180      9.78304
      9.30850      10.2710
      9.32520      10.5397
      9.34200      10.4957
      9.35890      10.4947
      9.37580      10.5740
      9.39280      10.5867
      9.40990      10.6442
      9.42700      10.5416
      9.44410      10.4401
      9.46140      10.3180
      9.47870      10.2247
      9.49600      10.1784
      9.51350      10.0662
      9.53090      9.88323
      9.54850      9.77761
      9.56610      9.65683
      9.58380      9.50620
      9.60160      9.51319
      9.61940      9.45881
      9.63720      9.20420
      9.65520      8.88233
      9.67320      8.71226
      9.69130      8.50921
      9.70940      8.25187
      9.72760      8.00183
      9.74590      7.67523
      9.76430      7.41745
      9.78270      7.21993
      9.80120      6.95842
      9.81980      6.76600
      9.83840      6.60773
      9.85710      6.57348
      9.87590      6.58917
      9.89470      6.55916
      9.91360      6.60249
      9.93260      6.47081
      9.95170      6.35159
      9.97080      6.23596
      9.99010      6.09398
      10.0093      5.91759
      10.0287      5.56249
      10.0481      5.18949
      10.0676      4.95223
      10.0872      4.97250
      10.1069      4.94469
      10.1266      4.78343
      10.1464      4.54375
      10.1663      4.31063
      10.1863      4.16801
      10.2064      4.09663
      10.2265      4.02417
      10.2467      3.93650
      10.2670      3.77391
      10.2874      3.69471
      10.3078      3.76399
      10.3284      3.66228
      10.3490      3.44850
      10.3697      3.35663
      10.3904      3.28259
      10.4113      3.17123
      10.4323      3.02225
      10.4533      2.88719
      10.4744      2.85218
      10.4956      2.83328
      10.5169      2.70355
      10.5383      2.55824
      10.5597      2.44996
      10.5813      2.45338
      10.6029      2.59084
      10.6247      2.59369
      10.6465      2.55187
      10.6684      2.54174
      10.6904      2.57333
      10.7125      2.61176
      10.7346      2.60744
      10.7569      2.51589
      10.7793      2.38797
      10.8017      2.40868
      10.8243      2.59454
      10.8469      2.74968
      10.8697      2.71708
      10.8925      2.66320
      10.9154      2.74536
      10.9385      2.88488
      10.9616      2.92177
      10.9848      2.90165
      11.0081      2.90558
      11.0316      2.89591
      11.0551      2.98617
      11.0787      2.94484
      11.1024      2.80694
      11.1263      2.76058
      11.1502      2.72374
      11.1742      2.55991
      11.1983      2.54313
      11.2226      2.61810
      11.2469      2.54154
      11.2714      2.44550
      11.2959      2.44823
      11.3206      2.33928
      11.3454      2.36712
      11.3702      2.49899
      11.3952      2.40805
      11.4203      2.32218
      11.4455      2.30912
      11.4709      2.32237
      11.4963      2.39492
      11.5219      2.25364
      11.5475      2.12084
      11.5733      2.27581
      11.5992      2.32215
      11.6252      2.19001
      11.6513      2.21085
      11.6776      2.21057
      11.7039      2.09003
      11.7304      2.10050
      11.7570      2.13939
      11.7837      2.08858
      11.8106      2.02178
      11.8375      1.96274
      11.8646      1.91223
      11.8918      1.98865
      11.9192      1.95277
      11.9466      1.92127
      11.9742      1.95412
      12.0019      1.81261
      12.0298      1.62806
      12.0578      1.62851
      12.0859      1.66919
      12.1141      1.59423
      12.1425      1.59327
      12.1710      1.49344
      12.1996      1.39267
      12.2284      1.35163
      12.2573      1.30219
      12.2863      1.26530
      12.3155      1.41910
      12.3448      1.45838
      12.3743      1.47678
      12.4039      1.59244
      12.4337      1.70747
      12.4635      1.79049
      12.4936      1.79796
      12.5238      1.75958
      12.5541      1.81765
      12.5845      1.75075
      12.6152      1.77104
      12.6459      1.83521
      12.6769      1.75733
      12.7079      1.79988
      12.7391      1.93048
      12.7705      2.04735
      12.8021      2.11992
      12.8337      2.23866
      12.8656      2.32945
      12.8976      2.12471
      12.9298      1.95469
      12.9621      1.81373
      12.9946      1.72675
      13.0272      1.73896
      13.0600      1.90837
      13.0930      1.81675
      13.1262      1.62721
      13.1595      1.65456
      13.1930      1.60831
      13.2266      1.58286
      13.2604      1.50122
      13.2944      1.50875
      13.3286      1.61225
      13.3630      1.55032
      13.3975      1.47919
      13.4322      1.54234
      13.4671      1.50828
      13.5022      1.49925
      13.5374      1.55919
      13.5729      1.61733
      13.6085      1.50240
      13.6443      1.36874
      13.6803      1.36867
      13.7165      1.37547
      13.7529      1.38843
      13.7895      1.33591
      13.8262      1.16510
      13.8632      1.08276
      13.9004      1.25690
      13.9377      1.32734
      13.9753      1.39009
      14.0131      1.46273
